579,239,-53,580,244,-47,581,245,-47,583,245,-47,574,244,-43,573,243,-43,571,243,-43,584,244,-9,568,242,9,582,235,-39,575,234,-33,603,220,-16,558,221,40,585,204,-98,536,219,54,566,230,-174,509,222,24,561,237,-194,503,223,19,562,238,-188,504,223,10,563,236,-173,506,222,18,594,147,-4,569,144,4,607,107,-82,580,101,9,611,62,-65,590,66,88,606,52,-64,594,58,93,622,49,-120,592,55,48,
577,240,-92,578,245,-87,579,245,-87,581,245,-87,573,244,-83,571,244,-83,570,244,-83,582,244,-44,567,242,-27,580,235,-75,574,234,-71,599,222,-49,555,222,10,584,207,-141,532,221,27,561,232,-236,509,223,-10,554,238,-262,502,225,-20,554,239,-259,502,225,-33,556,237,-237,505,224,-17,593,150,-1,567,148,1,603,109,-51,577,102,-44,597,67,42,590,62,19,593,62,50,593,55,22,605,51,2,593,49,-38,
572,241,-97,573,246,-90,575,246,-90,576,247,-90,569,246,-87,567,246,-87,566,246,-87,579,246,-43,563,244,-30,575,237,-78,570,236,-75,594,223,-47,549,225,9,582,206,-138,525,221,17,554,229,-234,502,221,-32,544,231,-260,495,222,-44,543,233,-254,495,223,-56,545,232,-234,499,222,-39,588,150,-1,564,149,1,596,107,-53,572,104,-83,578,70,54,590,60,-12,567,64,64,594,53,-8,583,53,17,593,47,-68,
565,242,-122,567,247,-114,568,248,-114,570,248,-114,562,247,-111,560,247,-111,559,247,-111,573,247,-59,557,246,-44,568,238,-100,563,237,-96,589,224,-53,543,226,13,580,201,-143,521,218,77,547,219,-251,496,211,86,537,222,-275,490,210,84,537,224,-271,490,209,70,540,223,-251,492,208,80,581,153,-2,556,153,2,584,107,5,570,108,-100,559,69,137,589,60,-31,550,65,149,593,53,-28,558,53,99,594,46,-102,
559,242,-119,561,247,-113,563,248,-113,564,248,-113,556,247,-108,555,247,-108,553,247,-108,568,247,-59,551,247,-41,562,238,-98,557,237,-93,584,224,-48,537,226,18,575,194,-125,513,211,75,542,204,-223,488,194,56,533,207,-245,481,192,51,531,209,-242,481,191,36,534,208,-223,483,191,49,575,154,-4,550,153,4,570,102,-10,565,104,-78,543,64,84,586,59,-21,534,63,91,590,52,-19,547,45,36,593,45,-87,
552,241,-193,554,247,-188,556,247,-188,558,247,-188,549,246,-182,548,247,-182,546,247,-182,563,247,-131,546,246,-106,555,237,-170,550,237,-163,579,222,-104,532,225,-26,570,187,-148,510,202,46,543,182,-236,485,179,36,535,181,-256,477,173,37,533,185,-260,477,172,14,534,186,-239,479,173,28,566,154,-8,540,154,8,561,103,-10,558,104,-76,536,63,77,581,60,-9,528,63,83,585,54,-5,544,43,20,581,46,-76,
544,238,-244,547,243,-240,549,243,-240,551,243,-240,543,244,-236,542,244,-236,541,245,-236,555,245,-182,542,245,-167,548,234,-220,543,235,-215,573,217,-132,527,225,-100,569,181,-137,507,192,-60,546,164,-201,487,164,-107,545,156,-221,478,157,-124,540,160,-242,479,156,-143,539,163,-208,483,158,-116,559,151,2,534,153,-2,556,103,63,546,104,-46,536,63,193,556,61,41,528,61,204,561,55,47,544,44,149,555,46,-28,
538,237,-231,541,242,-226,543,242,-226,544,242,-226,538,242,-223,537,243,-223,536,244,-223,548,243,-165,537,244,-153,541,233,-206,537,234,-203,567,214,-109,520,222,-95,571,180,-102,505,187,-63,562,157,-172,490,157,-123,561,150,-194,483,148,-143,559,154,-212,483,148,-164,558,156,-180,486,150,-133,552,146,2,526,150,-2,552,99,2,531,102,0,533,59,99,539,64,152,527,54,106,540,56,165,542,43,47,538,48,109,
532,238,-192,536,242,-185,537,242,-185,538,242,-185,532,243,-183,530,244,-183,529,245,-183,542,243,-125,530,245,-118,535,233,-169,530,235,-167,560,215,-94,512,220,-73,572,182,-47,502,186,-68,584,160,-110,498,160,-148,590,155,-126,497,152,-169,589,155,-143,500,153,-183,586,157,-118,501,155,-155,546,144,3,519,148,-3,549,96,-4,510,106,-82,533,59,139,511,65,81,526,54,150,513,59,135,543,43,93,505,48,32,
527,241,-176,531,245,-168,532,245,-168,534,245,-168,527,247,-168,525,248,-168,524,248,-168,536,244,-108,523,248,-109,529,236,-153,524,238,-153,551,216,-50,504,221,-78,573,184,-12,498,188,-121,600,170,-71,510,171,-230,609,167,-85,515,165,-256,609,167,-105,517,167,-263,606,168,-81,516,169,-236,538,145,7,511,148,-7,544,98,45,492,107,13,533,59,161,481,65,125,527,54,169,482,60,134,543,43,110,474,50,68,
521,243,-192,525,248,-185,526,248,-185,528,248,-185,520,250,-186,519,251,-186,517,251,-186,529,247,-119,516,251,-126,522,239,-165,517,240,-168,546,222,-45,496,223,-102,574,200,-1,494,191,-177,610,178,-40,522,188,-291,620,175,-47,531,189,-317,621,171,-65,533,194,-315,618,169,-48,531,194,-292,534,145,8,506,149,-8,538,98,59,482,110,5,532,60,190,457,71,94,527,54,200,455,62,100,541,43,148,443,64,38,
514,246,-181,518,251,-164,519,251,-164,521,251,-164,513,253,-178,511,253,-178,510,254,-178,523,250,-88,509,254,-126,515,241,-144,510,242,-158,540,226,-26,488,227,-84,574,213,-23,495,199,-185,608,207,-62,530,211,-288,618,207,-69,539,214,-316,619,207,-85,540,217,-308,616,206,-70,537,216,-288,528,146,7,499,149,-7,533,98,60,467,109,-93,530,65,231,440,64,-81,525,62,245,438,50,-83,538,45,202,427,62,-160,
507,248,-129,511,253,-116,512,253,-116,514,253,-116,507,255,-119,506,255,-119,504,256,-119,516,252,-48,504,256,-57,508,243,-103,504,244,-106,533,227,-5,485,230,-65,570,225,-20,496,211,-166,601,227,-56,531,229,-261,611,228,-65,538,235,-289,613,228,-78,538,237,-281,610,227,-63,535,235,-261,521,146,6,491,149,-6,526,95,48,459,109,-112,524,68,233,433,58,-115,520,66,249,433,44,-119,526,46,208,414,63,-198,
505,249,-92,508,254,-79,509,254,-79,510,254,-79,504,256,-83,503,257,-83,501,258,-83,511,254,-12,501,258,-28,505,245,-67,501,245,-72,528,229,22,482,234,-55,561,230,13,497,221,-162,593,234,-8,531,239,-245,602,237,-13,537,245,-273,603,238,-27,536,247,-266,600,237,-15,534,244,-245,513,146,6,482,151,-5,516,95,31,449,108,-111,511,72,232,428,57,-89,507,72,250,431,44,-90,509,46,210,409,59,-169,
503,250,-86,506,256,-74,508,256,-74,509,256,-74,501,257,-76,500,258,-76,498,259,-76,510,256,-7,496,260,-16,504,246,-60,499,247,-63,525,235,32,479,237,-33,556,237,26,493,218,-144,591,234,1,526,233,-240,596,236,-3,533,239,-266,597,236,-16,532,242,-261,594,235,-5,530,240,-241,509,149,3,477,156,-3,504,96,20,444,108,-82,494,70,209,427,55,-57,491,70,226,430,44,-60,491,46,185,407,48,-139,
502,253,-79,505,258,-69,506,258,-69,508,258,-69,500,259,-69,498,260,-69,497,261,-69,510,260,-2,495,262,-2,503,249,-52,497,250,-52,524,243,43,477,238,9,556,234,38,484,213,-79,587,225,-4,525,222,-202,594,225,-14,527,225,-222,595,225,-29,527,227,-224,592,224,-12,526,226,-207,506,154,-5,476,161,5,494,99,-26,444,112,-89,475,65,104,427,55,-68,470,61,113,430,45,-71,473,44,56,409,45,-149,
502,254,-81,505,259,-69,506,259,-69,507,259,-69,500,260,-71,498,261,-71,496,262,-71,509,260,1,493,263,-5,502,249,-52,497,250,-55,521,243,53,474,240,13,545,229,80,475,213,-29,566,213,44,507,200,-104,573,205,33,514,197,-125,572,204,18,516,200,-132,569,206,36,514,202,-108,502,158,-4,471,165,5,488,103,-56,442,113,-71,461,57,10,425,56,-28,455,50,12,426,46,-29,462,41,-62,411,45,-114,
500,253,-98,502,258,-89,503,258,-89,505,259,-89,498,259,-91,496,260,-91,495,261,-91,505,260,-21,491,263,-28,500,249,-71,495,250,-73,518,243,36,472,239,-10,533,227,69,471,208,-32,549,196,19,488,178,-89,555,188,5,490,166,-108,554,186,-11,495,168,-121,552,188,10,496,172,-94,495,158,4,465,166,-3,479,103,-27,440,111,-34,450,53,48,421,56,26,443,47,52,419,46,29,456,38,-10,412,41,-41,
498,254,-104,500,259,-94,501,259,-94,502,259,-94,496,260,-96,494,261,-96,492,262,-96,503,260,-29,488,263,-51,498,250,-78,493,250,-75,515,240,30,468,238,-30,521,209,56,465,200,-37,531,183,-6,467,162,-78,535,177,-20,464,149,-94,536,175,-39,468,148,-109,534,178,-16,470,152,-84,491,157,17,464,163,-17,474,100,1,442,109,-46,443,51,63,416,56,8,435,44,65,412,47,11,456,36,6,413,40,-43,
497,260,-168,498,265,-156,500,265,-156,501,265,-156,493,266,-162,492,266,-162,490,267,-162,501,264,-82,486,265,-107,498,254,-139,492,255,-145,513,237,-10,465,237,-76,511,202,20,454,195,-44,517,181,-69,441,159,-101,520,173,-85,434,149,-116,522,173,-104,436,148,-132,519,176,-79,440,151,-107,490,156,26,464,162,-26,476,99,5,447,109,-65,441,53,77,417,59,0,432,47,80,412,51,2,454,35,23,418,41,-58,
493,264,-200,496,269,-188,497,269,-188,499,269,-188,490,270,-190,488,270,-190,486,270,-190,500,267,-110,483,268,-117,496,258,-169,488,259,-171,511,237,-40,460,238,-69,510,193,-75,439,198,-40,506,189,-218,417,167,-79,502,178,-244,408,156,-90,502,191,-249,410,155,-108,503,191,-223,414,158,-87,489,158,29,462,165,-29,477,100,3,453,112,-95,444,54,83,429,61,-9,435,48,88,423,55,-2,454,36,31,424,42,-58,
493,268,-181,495,274,-170,497,274,-170,499,274,-170,489,275,-172,487,275,-172,485,275,-172,499,272,-97,482,274,-108,495,262,-153,488,263,-156,511,236,-49,458,243,-61,509,191,-108,428,206,-42,502,206,-233,399,175,-88,499,214,-257,388,167,-99,499,220,-256,389,166,-117,498,218,-235,394,169,-96,489,161,24,462,168,-24,477,104,15,467,127,-169,444,55,89,450,63,-119,436,49,94,446,56,-117,452,37,36,452,42,-193,
490,274,-166,493,280,-155,495,280,-156,497,280,-156,486,281,-157,484,281,-157,482,281,-157,498,278,-86,479,280,-93,493,267,-139,485,268,-141,511,241,-49,457,251,-44,513,197,-109,423,222,-19,499,225,-216,394,201,-62,493,234,-239,380,191,-69,493,239,-234,382,188,-89,494,237,-216,386,191,-71,490,164,10,462,170,-10,476,105,-33,471,122,-61,445,54,-20,478,61,2,434,47,-22,482,52,5,456,37,-88,478,42,-58,
490,280,-141,493,287,-129,495,287,-129,496,286,-129,486,288,-131,484,288,-131,482,289,-131,497,285,-58,478,287,-69,492,274,-113,485,275,-117,510,249,-41,455,258,-23,517,205,-85,417,235,-11,497,239,-195,385,216,-54,491,249,-216,374,209,-63,490,253,-209,376,207,-81,492,249,-194,380,208,-62,491,170,14,463,172,-14,474,110,34,476,119,-127,445,56,76,495,60,-109,435,49,75,495,46,-110,455,37,18,505,39,-187,
488,287,-116,491,293,-103,493,293,-103,494,293,-103,485,294,-107,482,295,-107,480,295,-107,495,291,-27,476,293,-45,490,281,-86,483,282,-92,508,258,15,454,267,-11,519,219,-58,416,246,-5,496,250,-178,379,230,-54,489,260,-202,368,226,-67,487,263,-198,369,223,-85,489,260,-179,373,224,-63,491,174,35,464,176,-35,479,110,76,479,118,-132,446,68,177,499,51,-119,432,63,185,498,37,-122,456,41,138,511,40,-203,
481,292,-106,485,298,-95,487,298,-95,489,298,-95,479,298,-96,477,298,-96,475,298,-96,492,296,-25,473,297,-28,485,285,-79,478,286,-80,506,264,7,452,272,8,521,228,-79,413,253,21,496,256,-216,376,240,-30,487,264,-242,365,239,-42,486,267,-236,366,237,-61,487,265,-216,370,237,-39,492,178,29,464,179,-29,486,115,42,481,117,-130,448,76,150,501,49,-112,435,74,160,500,37,-114,457,45,120,516,33,-194,
481,298,-95,484,303,-82,486,303,-82,488,303,-82,478,303,-85,476,303,-85,474,303,-85,490,300,-9,471,301,-20,485,291,-67,477,291,-70,504,269,27,450,274,8,523,234,-62,411,255,21,499,259,-199,374,245,-25,490,265,-225,363,243,-37,487,267,-218,364,242,-56,489,265,-199,368,241,-34,492,181,36,464,181,-36,496,115,34,487,116,-144,448,78,142,504,45,-125,435,77,152,502,35,-127,456,45,114,521,30,-206,
481,299,-97,483,305,-85,485,305,-85,487,305,-85,477,305,-87,475,306,-87,473,306,-87,488,304,-10,469,304,-18,483,293,-69,476,293,-71,503,272,26,448,276,17,527,238,-63,410,256,39,500,255,-222,372,244,-9,492,258,-252,361,241,-23,488,262,-247,362,239,-43,489,261,-223,366,239,-18,493,184,34,463,183,-34,499,116,21,490,117,-131,449,75,126,505,46,-101,435,72,135,502,36,-102,457,44,92,522,29,-183,
478,302,-121,481,308,-110,483,308,-110,484,308,-110,475,308,-108,472,308,-108,470,308,-107,486,305,-35,467,306,-31,481,295,-93,474,296,-91,503,273,-8,446,278,3,528,237,-97,411,256,30,500,251,-252,375,237,-19,494,249,-282,364,233,-34,488,252,-281,365,231,-55,488,252,-254,369,232,-29,493,187,33,463,186,-33,498,119,13,490,119,-129,453,75,122,505,47,-93,438,67,130,503,38,-93,458,44,82,523,30,-178,
476,303,-243,479,309,-230,481,309,-230,482,309,-230,472,309,-231,470,309,-231,468,310,-231,484,307,-143,464,307,-149,480,296,-210,472,296,-212,503,270,-83,443,276,-82,524,232,-138,409,249,-40,503,231,-298,382,230,-88,499,229,-331,370,230,-107,494,235,-339,373,229,-129,494,236,-304,377,226,-99,492,186,30,461,185,-30,498,118,31,489,120,-108,460,61,139,506,52,-33,448,53,146,507,43,-31,468,34,78,529,30,-127,
473,303,-176,476,309,-165,478,309,-165,480,309,-165,470,309,-166,468,309,-166,466,309,-166,482,306,-91,463,306,-98,478,296,-147,469,296,-149,501,267,-20,442,275,-48,511,229,-53,412,246,-9,505,219,-231,387,212,-53,500,216,-260,376,200,-70,497,222,-301,377,198,-94,497,224,-260,382,202,-64,485,185,34,453,186,-34,489,117,32,487,126,-132,463,48,100,512,63,-83,453,38,102,512,54,-83,476,27,26,538,50,-178,
472,301,-116,475,307,-105,477,307,-105,479,307,-105,469,307,-103,466,307,-103,464,306,-103,481,305,-41,462,304,-31,477,294,-92,469,294,-90,501,266,-5,441,273,18,509,214,-71,415,236,64,504,220,-220,395,197,29,501,233,-245,387,184,21,498,240,-256,391,183,1,499,238,-228,395,187,20,480,183,19,447,185,-19,484,114,7,484,138,-155,463,42,42,520,91,-118,452,32,42,518,88,-117,480,26,-30,533,82,-193,
473,303,-56,475,309,-44,477,309,-44,479,310,-44,469,309,-42,467,309,-42,465,309,-42,481,307,21,462,306,31,478,297,-31,470,297,-29,501,267,43,441,276,79,505,218,-51,417,236,132,497,266,-164,404,193,115,494,280,-180,400,180,115,494,284,-177,404,179,96,494,280,-164,407,183,108,478,183,10,444,190,-10,482,115,10,466,175,-249,462,44,-5,517,132,-384,451,32,-10,520,118,-400,481,26,-58,536,149,-462,
470,314,-57,472,319,-49,474,319,-49,475,319,-49,465,319,-44,463,319,-44,461,319,-44,478,317,10,459,317,30,475,308,-33,466,309,-28,498,282,41,439,290,82,501,244,-56,415,251,145,492,296,-175,408,205,127,491,310,-196,405,182,126,491,312,-193,410,180,106,490,307,-176,414,188,120,477,195,8,444,202,-8,479,116,-21,470,194,-264,462,44,-53,517,163,-400,452,31,-60,524,147,-417,481,26,-109,533,193,-476,
463,328,-27,466,333,-17,468,333,-17,471,333,-17,460,334,-12,458,334,-12,456,334,-12,475,331,45,454,331,63,469,322,-2,461,323,2,496,297,65,435,301,107,498,272,-57,413,266,119,491,324,-182,408,230,50,490,337,-204,404,215,41,489,338,-201,411,215,25,488,334,-183,415,219,43,475,211,6,440,219,-6,475,128,-20,460,218,-285,463,47,-79,512,183,-462,453,36,-90,514,168,-483,479,26,-146,527,207,-549,
457,343,0,458,348,10,460,349,10,462,349,10,453,348,16,451,347,16,449,347,16,466,347,66,447,344,92,462,337,21,455,336,29,492,313,72,430,311,131,499,299,-57,410,279,148,487,351,-165,408,249,96,484,365,-185,402,235,91,483,365,-172,407,235,80,482,360,-162,411,239,91,474,220,1,436,229,0,475,140,-20,462,262,-257,466,57,-20,487,191,-320,458,52,-24,499,177,-327,479,27,-106,512,195,-409,
454,350,-49,455,358,-38,457,359,-38,460,359,-38,448,356,-35,445,355,-35,443,355,-35,464,360,28,442,353,44,460,344,-23,451,343,-19,488,323,57,428,323,91,498,314,-50,406,288,121,482,362,-156,403,259,85,478,375,-176,398,246,83,477,376,-165,404,246,67,476,372,-154,408,250,79,472,223,5,434,234,-5,478,159,-23,452,269,-259,466,82,-22,462,221,-286,458,77,-25,463,210,-289,478,45,-86,474,216,-348,
450,361,-63,451,369,-53,454,370,-53,456,371,-54,444,366,-50,442,365,-50,439,364,-50,461,371,13,438,362,29,456,356,-37,447,354,-32,487,337,44,423,332,80,497,321,-50,402,294,119,474,367,-167,397,265,82,469,380,-189,392,252,78,467,380,-181,398,253,60,467,376,-166,402,257,75,472,238,5,431,246,-5,485,180,-49,455,274,-282,464,111,-24,443,204,-272,457,107,-24,444,192,-256,465,73,-98,452,184,-310,
445,369,-96,447,376,-86,449,377,-86,452,378,-86,440,374,-81,438,373,-80,436,372,-80,459,376,-18,435,370,8,452,364,-69,443,362,-62,484,344,16,420,341,68,493,322,-93,400,301,97,469,364,-232,392,268,29,463,376,-262,387,255,19,461,378,-255,391,255,2,462,374,-233,396,259,22,469,243,6,430,252,-6,490,200,-149,452,268,-299,461,146,-55,421,197,-218,453,143,-48,417,182,-206,456,105,-125,418,165,-275,
442,370,-129,443,377,-122,445,378,-122,447,378,-122,437,375,-116,435,375,-116,433,374,-116,454,377,-59,432,372,-34,448,365,-104,440,364,-97,482,348,-22,418,340,5,488,316,-121,396,301,14,462,358,-260,389,272,-47,456,370,-290,383,259,-59,456,373,-281,387,259,-72,457,369,-260,391,263,-53,464,248,6,427,254,-6,493,225,-221,423,233,-294,455,171,-56,410,178,-80,444,170,-42,408,163,-65,449,137,-107,416,121,-140,
436,372,-128,437,380,-122,439,380,-122,441,381,-122,431,378,-116,429,377,-116,427,377,-116,448,379,-73,427,374,-45,443,367,-108,435,366,-100,480,346,-45,414,337,-25,485,311,-135,395,298,-63,456,351,-237,387,271,-159,449,362,-263,380,259,-178,449,365,-255,384,260,-188,450,361,-236,388,264,-165,465,249,5,424,251,-5,492,246,-247,412,226,-229,449,196,-76,397,170,-76,439,194,-60,399,157,-63,442,162,-116,385,129,-134,
431,374,-183,432,381,-173,434,381,-173,437,382,-173,426,379,-170,424,378,-170,422,378,-170,442,379,-108,421,374,-91,437,368,-159,429,366,-154,475,344,-77,410,334,-60,484,303,-179,394,295,-105,448,342,-313,387,269,-198,440,353,-345,380,258,-219,441,357,-334,384,260,-229,442,352,-311,388,263,-205,465,254,3,424,253,-3,490,256,-295,397,212,-142,443,206,-141,385,143,-48,435,207,-127,389,134,-42,428,177,-191,364,115,-130,
427,372,-192,429,378,-182,431,379,-182,434,379,-182,422,377,-178,420,376,-178,417,375,-178,439,377,-114,416,371,-97,433,366,-166,425,363,-161,470,342,-79,404,330,-55,483,300,-168,390,291,-92,447,325,-307,385,268,-198,435,334,-341,380,256,-221,434,339,-336,384,259,-233,437,337,-308,387,264,-205,465,253,1,425,250,-1,489,257,-299,392,201,-144,439,203,-174,371,121,-80,431,203,-162,373,110,-78,421,176,-232,350,83,-174,
417,366,-219,420,373,-211,423,374,-211,425,374,-211,413,371,-205,411,371,-205,409,370,-205,432,372,-140,409,367,-113,424,360,-191,416,357,-184,466,335,-92,398,330,-60,482,286,-184,387,288,-110,446,301,-354,384,266,-270,434,305,-392,380,254,-301,433,312,-391,384,258,-314,436,311,-355,387,262,-279,460,244,1,418,243,-1,487,249,-271,384,168,-64,437,190,-161,360,84,3,428,187,-151,364,76,3,422,162,-227,343,55,-95,
412,362,-219,415,371,-209,417,372,-209,419,373,-210,407,368,-206,405,366,-206,403,365,-206,426,372,-127,403,361,-111,419,357,-186,411,354,-182,461,329,-67,391,319,-50,483,275,-147,382,272,-111,453,279,-317,380,260,-297,444,277,-356,378,253,-333,441,285,-360,381,254,-345,442,286,-321,384,258,-306,456,234,1,413,225,-1,474,231,-272,380,145,-46,435,168,-132,357,64,26,426,169,-120,362,57,27,425,139,-198,340,45,-77,
408,348,-235,410,356,-224,412,357,-224,414,357,-224,402,354,-220,400,353,-220,398,352,-220,421,355,-138,397,348,-119,414,342,-201,406,340,-196,456,314,-80,386,304,-51,483,264,-138,376,256,-118,469,259,-300,372,249,-318,466,257,-336,370,247,-355,463,264,-347,371,250,-367,462,265,-306,374,252,-327,455,216,-8,412,209,8,460,208,-281,380,132,-38,437,132,-103,365,50,60,430,127,-74,373,37,64,431,104,-148,338,30,-33,
403,333,-178,405,340,-161,408,341,-161,410,341,-161,399,339,-159,396,338,-159,394,338,-159,417,338,-68,394,334,-58,409,326,-142,401,325,-140,451,298,-17,380,290,-1,480,264,-97,361,247,-88,486,255,-289,347,240,-281,492,256,-327,344,238,-314,489,258,-324,348,243,-324,485,257,-290,351,244,-289,451,201,-6,408,196,7,452,185,-284,379,129,-78,438,97,-369,366,42,-86,436,84,-383,375,28,-101,434,81,-502,339,26,-211,
398,324,-180,401,331,-168,404,331,-168,407,332,-168,395,330,-162,394,329,-162,391,329,-162,414,329,-91,392,326,-62,404,317,-152,396,316,-144,447,289,-65,379,279,1,481,258,-178,356,246,-46,493,265,-358,324,232,-238,496,272,-393,312,228,-250,491,276,-396,312,229,-297,489,274,-363,317,230,-255,449,190,-26,408,185,26,448,136,-251,369,117,-64,449,66,-208,368,43,18,448,57,-215,375,29,20,440,42,-280,338,26,-67,
396,320,-236,399,327,-227,402,327,-227,405,328,-227,393,325,-219,391,325,-219,390,324,-219,413,326,-161,391,321,-120,403,312,-212,396,311,-200,449,287,-135,379,270,-31,494,260,-279,341,235,-31,490,277,-451,290,218,-95,486,273,-482,277,211,-97,481,285,-471,276,211,-125,480,285,-450,281,213,-109,451,183,-42,411,177,42,446,122,-241,368,113,-7,452,42,-195,364,40,77,455,27,-197,373,27,79,430,30,-304,335,25,-1,
394,321,-214,398,330,-207,400,330,-207,403,331,-207,392,327,-198,391,327,-198,389,326,-198,413,329,-149,393,324,-105,402,315,-191,394,313,-179,447,295,-125,385,273,-26,493,263,-262,345,230,-14,466,299,-412,293,207,-62,456,311,-439,280,201,-60,452,313,-425,279,201,-83,452,309,-409,283,202,-73,456,186,-43,416,181,43,447,126,-213,379,115,36,452,35,-206,363,43,96,457,20,-211,369,30,96,422,24,-312,337,27,25,
394,324,-149,397,332,-144,400,333,-144,403,334,-144,392,330,-130,391,330,-130,390,330,-130,413,333,-101,394,327,-30,403,318,-132,395,316,-113,448,296,-100,394,278,56,477,280,-246,373,234,96,429,305,-393,311,210,35,416,315,-426,313,199,33,415,318,-413,315,200,6,418,315,-390,318,203,22,466,194,-55,430,187,55,447,130,-225,397,123,61,453,37,-268,370,48,104,460,22,-277,376,36,103,423,19,-380,342,29,40,
398,327,-96,402,335,-86,405,336,-86,407,336,-86,396,333,-73,395,332,-73,393,332,-73,416,335,-33,396,328,28,406,320,-77,398,319,-59,446,306,-64,402,283,103,452,280,-212,410,240,109,394,303,-345,398,219,0,379,311,-396,394,209,-16,378,315,-369,392,211,-39,383,312,-339,395,214,-13,473,194,-56,440,193,56,450,143,-241,409,132,-13,454,42,-250,405,51,2,461,27,-255,415,35,-3,425,23,-356,366,31,-79,
401,331,-86,404,339,-84,407,340,-84,409,340,-84,399,338,-65,397,338,-65,396,338,-65,418,339,-43,400,336,37,408,324,-70,401,323,-47,440,310,-100,418,298,151,424,275,-211,402,253,76,375,288,-232,378,273,-104,362,290,-255,370,277,-126,364,295,-244,372,283,-113,369,293,-225,378,281,-109,474,197,-87,453,195,87,432,131,-175,419,131,6,457,34,-222,454,48,23,470,20,-216,467,31,21,423,18,-269,426,28,-25,
402,338,-62,406,346,-71,407,346,-71,411,347,-71,404,346,-47,405,346,-47,405,346,-47,419,345,-64,414,344,33,409,330,-60,405,331,-30,431,311,-131,440,307,149,410,263,-130,423,255,198,371,269,-21,396,256,150,360,272,-31,388,253,151,364,277,-32,387,258,135,368,276,-17,390,258,141,473,198,-96,469,202,96,424,127,-181,426,134,158,465,38,-229,481,60,236,481,24,-233,496,57,243,425,16,-275,461,28,242,
415,342,211,418,350,189,418,350,189,419,350,189,420,351,204,422,351,204,425,352,204,429,347,112,436,348,179,418,334,186,420,335,205,425,310,15,481,311,185,405,257,6,530,289,217,379,256,43,558,280,240,367,259,35,568,278,240,368,266,40,565,283,245,372,266,48,559,283,243,459,200,-87,484,202,87,418,126,-142,443,135,126,467,41,-213,507,83,146,484,27,-217,528,84,147,426,17,-245,502,40,140,
449,346,372,446,353,347,444,352,347,442,352,347,454,353,354,457,354,354,460,354,354,442,348,243,465,350,274,448,339,338,455,339,346,424,310,128,501,313,217,403,259,172,557,302,188,399,244,305,592,281,182,377,241,316,602,269,179,396,244,318,600,270,189,410,244,310,597,273,187,449,200,-75,489,203,75,421,116,-70,468,136,105,465,38,-210,525,96,-5,475,24,-223,538,104,-20,426,15,-241,529,51,-10,
477,351,225,474,357,208,472,357,208,469,356,208,481,357,208,484,358,208,486,358,208,464,353,141,488,354,141,474,345,205,481,345,204,428,310,83,512,318,101,409,257,132,561,306,34,428,247,256,602,282,27,432,245,275,614,272,25,442,246,274,612,272,72,443,247,261,607,274,70,450,201,-30,495,203,30,425,115,-16,509,136,57,447,35,-212,536,101,-146,456,22,-233,544,94,-166,426,15,-250,544,59,-181,
504,348,227,499,355,225,497,355,225,494,355,225,504,355,208,505,355,208,505,355,208,487,352,207,500,353,127,499,342,223,504,342,200,438,307,198,511,323,20,412,257,240,554,301,-94,447,243,331,591,282,-134,455,238,357,602,273,-143,461,238,349,600,272,-116,460,239,332,597,275,-122,453,198,54,501,202,-54,433,117,75,548,136,-108,431,37,-154,545,91,-379,426,24,-184,537,85,-406,438,18,-219,558,49,-435,
524,347,55,523,354,74,522,354,74,522,354,74,522,354,30,521,355,30,519,355,30,512,353,97,509,354,-22,519,341,95,518,340,32,480,312,154,501,325,-101,483,260,191,527,297,-185,493,237,180,563,287,-181,495,226,185,567,284,-198,499,230,173,568,284,-183,499,234,174,565,285,-174,471,199,80,493,202,-81,461,115,59,561,145,-38,422,42,0,550,78,-50,409,29,-6,536,69,-49,446,15,-44,575,38,-65,
529,353,19,528,361,34,528,361,34,527,361,34,526,362,2,524,362,2,522,363,2,517,361,92,511,363,-35,524,347,53,521,348,7,504,321,182,486,328,-106,505,275,296,470,305,-266,519,246,330,499,296,-396,523,243,345,507,285,-431,523,247,324,544,290,-420,522,249,322,537,293,-393,489,201,99,491,202,-99,481,113,89,573,152,-116,421,44,91,554,61,-80,404,33,88,540,48,-77,446,16,49,591,32,-114,
534,363,-89,533,370,-68,534,370,-68,534,370,-68,529,371,-89,526,372,-89,523,373,-89,527,369,46,512,370,-56,532,355,-46,527,356,-75,526,322,166,488,334,-97,549,276,288,436,316,-234,581,261,287,452,285,-380,591,252,297,452,278,-414,592,256,271,469,288,-409,589,259,277,470,284,-379,511,202,98,500,204,-99,497,112,73,568,156,-178,423,44,143,561,51,-130,404,39,147,548,39,-126,447,14,107,596,20,-183,
535,369,-121,537,376,-96,538,376,-96,540,376,-96,530,378,-111,527,378,-111,523,379,-111,538,374,25,516,375,-44,536,361,-77,528,361,-96,554,321,141,484,334,-51,592,279,185,430,308,-119,633,260,74,434,266,-229,649,254,51,429,250,-257,650,258,22,441,252,-272,643,259,56,444,254,-235,528,203,85,500,205,-85,515,113,54,556,154,-270,428,45,175,554,39,-246,414,43,182,542,27,-247,449,14,122,586,9,-347,
535,371,-208,538,378,-188,540,378,-188,543,378,-188,529,378,-193,526,378,-193,523,378,-193,544,375,-83,518,374,-104,539,362,-170,529,362,-176,573,321,3,489,329,-68,621,287,29,438,305,-71,670,264,-86,434,250,-134,683,260,-106,430,232,-151,683,262,-136,440,232,-183,679,263,-102,444,236,-146,550,203,56,512,205,-56,534,114,22,544,127,-170,457,55,155,546,29,-144,439,57,163,536,16,-148,456,16,88,582,6,-236,
537,370,-205,540,378,-187,542,378,-187,545,378,-187,531,377,-186,528,376,-186,525,376,-186,549,375,-91,520,370,-88,542,361,-171,533,359,-170,585,321,-31,498,321,-46,634,293,-99,441,284,-32,671,282,-284,445,237,-90,684,278,-319,441,216,-107,681,280,-339,451,218,-129,676,281,-297,455,223,-100,567,200,42,524,201,-41,556,113,74,536,115,-144,494,61,274,547,24,-123,479,62,290,542,12,-127,492,21,231,576,3,-237,
540,366,-269,544,374,-257,547,375,-257,549,375,-257,534,373,-250,530,373,-250,528,372,-250,555,372,-172,526,368,-137,547,358,-237,537,357,-226,597,321,-105,510,312,-69,652,294,-208,479,260,-18,681,293,-412,463,212,-66,691,294,-449,456,196,-79,671,296,-461,465,197,-102,662,295,-422,469,202,-76,580,197,11,532,197,-11,580,110,62,539,114,-153,556,76,368,557,19,-77,547,72,396,560,9,-74,568,42,331,572,-1,-205,
544,365,-267,548,373,-255,551,373,-255,554,374,-255,538,372,-250,535,371,-250,533,371,-250,561,371,-167,533,367,-140,553,356,-234,542,355,-226,603,321,-107,522,308,-75,649,292,-226,514,246,-53,627,303,-415,500,197,-165,622,309,-457,496,182,-195,616,315,-451,497,183,-219,614,313,-417,500,188,-177,595,194,-3,547,194,3,594,111,111,545,113,-134,602,82,434,560,24,-47,601,86,463,564,15,-44,607,51,387,569,1,-179,
548,365,-193,551,373,-181,555,374,-181,558,374,-181,542,372,-176,539,371,-176,537,371,-176,564,372,-100,537,367,-120,557,357,-162,547,356,-155,599,329,-83,533,310,16,614,290,-230,540,246,65,594,313,-424,529,198,-16,571,321,-469,524,183,-39,569,325,-462,524,185,-69,576,322,-425,527,189,-31,605,195,-28,560,194,28,616,112,69,548,111,-127,653,80,367,561,24,-55,659,84,394,568,15,-54,664,44,313,563,-2,-174,
549,368,-162,552,377,-153,555,378,-153,558,379,-153,545,375,-159,543,374,-159,541,374,-159,566,377,-96,544,371,-32,558,361,-137,549,358,-150,600,339,-133,551,317,76,599,301,-271,545,249,115,532,317,-369,529,224,33,516,318,-405,522,212,14,514,322,-396,525,215,-9,520,321,-366,528,220,19,617,201,-55,577,197,55,635,121,45,553,115,-154,689,85,275,560,23,-127,700,90,296,568,12,-130,704,43,225,549,1,-240,
554,373,-171,556,382,-169,559,383,-169,562,384,-169,549,380,-149,547,379,-149,546,378,-149,571,383,-129,550,376,-19,563,366,-153,555,362,-130,602,344,-181,575,333,115,574,305,-331,599,268,197,506,308,-417,607,239,180,488,307,-460,609,224,180,486,310,-446,602,228,153,491,311,-411,601,230,168,628,210,-92,594,204,92,655,130,-100,563,118,-3,724,87,72,563,23,19,738,90,88,573,7,16,733,42,32,528,2,-61,
563,377,-180,565,387,-177,568,388,-177,571,390,-177,558,384,-153,556,383,-153,555,383,-153,579,389,-134,558,380,-19,573,371,-161,565,367,-130,609,352,-186,585,336,119,567,308,-318,605,274,199,496,303,-393,596,236,145,480,301,-438,596,221,138,478,301,-424,593,223,106,483,303,-388,595,228,130,643,216,-92,610,209,92,674,136,-121,579,120,34,752,88,32,571,26,103,767,89,45,582,12,106,757,42,-28,530,12,30,
571,379,-179,574,388,-177,577,389,-177,580,390,-177,568,386,-154,566,385,-154,565,385,-154,588,390,-130,570,383,-23,580,372,-160,573,369,-129,612,354,-183,594,340,122,564,304,-287,606,280,193,500,287,-342,596,245,120,489,278,-382,594,232,111,486,278,-372,592,234,84,490,281,-338,593,239,107,658,218,-100,626,210,99,690,137,-126,593,124,12,775,84,-9,605,27,107,792,85,0,619,15,113,773,35,-90,565,12,40,
581,376,-149,584,385,-158,586,386,-158,589,387,-158,579,383,-126,578,383,-126,577,382,-126,598,386,-116,584,380,-4,588,369,-139,583,367,-99,613,350,-172,613,340,151,565,302,-222,623,284,266,516,271,-143,598,256,275,506,261,-164,594,246,281,503,261,-164,594,248,253,507,264,-139,595,252,264,668,216,-102,642,209,101,703,135,-163,609,126,52,787,76,-110,641,34,141,809,73,-107,657,20,146,783,24,-203,607,12,91,
592,370,-111,593,378,-121,594,379,-121,596,380,-121,590,376,-92,590,376,-92,590,376,-92,605,381,-109,598,376,16,598,366,-104,595,364,-67,615,346,-171,643,340,164,571,299,-267,682,295,317,524,254,-259,735,290,434,513,244,-272,747,287,466,508,244,-254,747,291,453,507,247,-249,742,292,433,672,215,-119,664,210,119,709,134,-203,631,126,78,795,60,-199,675,38,171,814,58,-199,692,23,176,784,10,-280,638,12,134,
603,352,-43,603,361,-60,605,362,-60,606,363,-60,602,360,-31,602,360,-31,602,360,-31,616,366,-87,611,362,51,609,348,-46,608,347,-7,624,341,-162,659,338,177,586,292,-309,695,293,361,546,240,-386,745,292,535,539,229,-414,756,291,578,538,229,-400,755,295,568,541,232,-380,750,295,537,680,214,-121,679,209,121,712,124,-221,653,124,148,794,41,-258,700,40,261,816,36,-261,714,23,269,775,1,-342,660,12,238,
609,342,20,609,350,-3,609,351,-3,609,351,-3,610,350,21,611,351,21,612,351,21,618,353,-60,623,354,55,614,337,5,615,338,38,619,320,-149,672,332,157,597,264,-278,716,293,324,574,216,-244,750,297,488,569,202,-260,761,298,526,569,204,-257,757,300,516,572,208,-239,754,299,490,690,200,-118,700,206,118,710,108,-194,678,114,159,797,36,-210,713,35,274,822,33,-210,725,19,283,783,-11,-277,668,11,246,
618,330,97,619,339,68,619,339,68,619,339,68,621,340,90,623,341,90,624,342,90,627,340,-21,636,344,75,622,325,69,625,327,96,627,309,-148,686,322,150,620,246,-156,727,294,301,604,194,-65,744,304,469,599,181,-69,754,310,507,599,182,-67,747,306,497,601,186,-60,745,304,470,704,187,-113,718,196,113,714,95,-166,691,108,175,805,31,-172,713,34,293,831,28,-170,724,19,303,788,-14,-221,671,10,278,
624,324,96,626,334,70,626,334,70,627,334,70,626,334,94,627,335,94,628,335,94,637,334,-11,640,336,91,629,317,70,629,318,100,641,304,-141,691,315,168,645,242,-154,724,293,287,637,181,-57,715,291,397,633,167,-64,717,291,424,632,168,-59,712,290,412,635,172,-50,711,290,393,716,187,-111,729,195,110,721,93,-153,693,111,152,809,27,-167,714,34,244,835,21,-167,724,20,253,784,-8,-216,674,13,244,
629,325,30,632,335,10,633,335,10,634,335,10,632,335,37,632,335,37,634,335,37,645,336,-38,645,337,74,634,319,13,634,319,47,651,309,-158,693,315,163,672,255,-241,730,289,254,680,187,-252,739,249,248,677,172,-280,744,240,261,674,172,-266,738,239,237,676,177,-245,735,241,237,722,191,-112,732,196,112,722,95,-156,695,113,170,818,24,-171,712,34,269,839,16,-175,722,18,276,780,-8,-254,669,14,249,
634,327,4,636,335,-12,637,336,-12,638,336,-12,635,335,14,636,335,14,637,335,14,650,337,-45,649,336,73,640,321,-6,640,321,28,675,312,-148,685,307,180,709,238,-154,696,257,176,706,205,-53,657,261,47,706,194,-58,645,271,41,704,195,-65,646,277,35,703,199,-50,651,274,38,739,192,-107,733,196,107,729,95,-179,699,112,192,814,19,-222,714,31,282,838,12,-229,724,15,288,777,-15,-311,670,14,261,
640,331,-72,641,340,-86,642,341,-86,644,341,-86,639,339,-56,639,339,-56,640,339,-56,658,341,-99,653,341,37,647,325,-75,645,324,-36,695,323,-156,683,304,160,745,273,-258,687,231,186,736,231,-354,639,261,70,739,210,-384,626,271,65,732,213,-388,626,277,59,729,221,-354,631,275,64,755,198,-108,740,196,108,742,99,-185,703,113,180,819,17,-212,718,31,279,840,7,-219,731,14,285,779,-25,-320,673,14,244,
645,333,-52,646,344,-85,648,346,-85,651,348,-85,643,340,-40,643,339,-40,643,340,-40,665,353,-53,654,342,75,654,329,-67,650,325,-14,706,346,-99,685,301,197,759,333,-242,682,227,278,761,291,-406,627,257,197,764,276,-437,612,265,178,756,276,-445,611,274,200,754,279,-410,617,273,198,766,212,-105,744,200,105,755,100,-223,704,114,153,823,15,-300,736,33,239,840,6,-311,751,16,250,786,-28,-412,694,14,202,
652,351,-144,655,361,-142,658,363,-142,661,365,-142,649,358,-121,648,357,-121,647,357,-121,673,367,-91,657,355,5,661,346,-128,655,341,-99,714,357,-113,684,299,140,763,381,-289,682,232,231,775,334,-485,616,252,187,779,323,-519,600,258,185,771,320,-529,600,267,180,768,322,-491,605,267,184,774,219,-103,744,204,103,770,106,-232,703,114,85,825,17,-263,761,39,177,839,7,-269,779,26,183,784,-25,-374,730,9,134,
665,370,-159,668,380,-149,672,382,-149,675,384,-149,660,375,-135,657,373,-135,655,371,-135,685,383,-85,660,367,-12,676,365,-135,665,358,-115,724,366,-97,680,300,102,778,397,-265,680,235,145,784,371,-461,614,243,42,791,360,-502,598,246,24,780,354,-507,597,253,8,776,355,-468,603,253,32,779,223,-86,742,207,86,786,110,-218,706,114,-54,827,21,-191,784,43,43,839,12,-188,803,35,48,799,-26,-306,767,3,-26,
671,386,-156,675,395,-145,678,396,-145,682,398,-145,667,390,-132,665,389,-132,663,387,-132,693,396,-80,669,381,-10,682,380,-130,671,374,-112,741,374,-71,677,305,71,805,397,-263,676,242,20,794,399,-487,617,238,-180,792,394,-534,602,236,-217,780,388,-529,600,242,-234,778,386,-491,605,243,-194,784,226,-73,740,209,73,800,111,-214,714,115,0,826,18,-187,796,46,129,836,8,-188,812,43,136,803,-36,-311,786,4,78,
679,395,-171,684,405,-156,688,406,-156,691,408,-156,675,401,-148,672,400,-148,670,399,-148,703,406,-70,675,394,-25,690,388,-137,679,383,-126,752,378,-37,675,318,61,825,377,-209,673,245,34,800,403,-445,622,235,-145,796,407,-493,608,229,-178,785,405,-486,605,237,-202,783,402,-449,610,239,-160,786,229,-61,737,212,61,808,113,-202,730,115,18,822,16,-168,803,45,142,830,7,-171,815,38,159,806,-33,-298,785,2,100,
687,405,-200,693,415,-182,696,416,-182,700,417,-182,683,412,-178,680,411,-178,677,411,-178,710,415,-74,680,405,-58,698,396,-161,685,393,-156,763,378,-29,674,331,28,835,371,-178,670,256,0,806,407,-410,628,234,-181,797,415,-456,616,225,-212,788,415,-446,613,231,-240,788,412,-412,618,234,-197,787,231,-40,734,214,40,812,120,-92,750,114,28,822,17,9,797,34,168,827,8,11,808,28,180,820,-30,-117,777,-3,93,
696,409,-192,700,419,-170,704,420,-170,707,420,-170,690,417,-170,687,417,-170,684,416,-170,716,416,-53,683,409,-54,706,400,-148,692,397,-149,763,377,2,673,334,31,830,361,-137,667,263,-5,810,405,-387,631,235,-205,804,417,-432,619,225,-239,795,418,-425,617,230,-268,795,414,-389,619,233,-222,786,231,-24,733,213,24,811,124,-60,764,113,29,820,16,47,805,27,164,826,7,50,813,20,171,825,-27,-79,786,-5,57,
701,412,-224,706,422,-199,710,422,-199,713,422,-199,695,421,-202,692,420,-202,688,419,-202,721,417,-61,686,412,-81,711,402,-176,696,400,-180,765,373,-12,673,337,16,831,357,-141,665,266,-12,815,402,-390,631,234,-210,810,414,-443,621,224,-244,801,416,-436,617,227,-275,801,411,-394,622,230,-227,785,231,-23,733,213,23,809,125,-40,765,113,29,819,17,94,799,24,170,825,8,99,807,16,177,827,-26,-37,786,-6,60,
706,415,-227,710,423,-205,713,423,-205,717,423,-205,700,423,-206,696,423,-206,692,422,-206,724,418,-72,689,414,-84,714,404,-181,700,403,-183,765,371,-16,673,343,7,828,355,-140,661,276,-15,827,395,-394,634,234,-186,824,408,-447,626,219,-216,814,411,-447,626,221,-246,813,406,-401,630,225,-202,785,229,-16,732,213,16,810,124,-35,761,111,31,820,15,106,792,23,206,824,6,112,800,15,216,830,-25,-27,782,-8,68,
712,415,-222,716,423,-201,719,423,-201,723,423,-201,706,424,-202,702,423,-202,698,423,-202,729,418,-77,694,416,-86,719,404,-178,706,403,-180,766,371,-26,673,349,-3,825,353,-162,656,283,-13,836,392,-429,637,230,-147,841,402,-483,633,213,-174,832,405,-489,636,213,-205,828,401,-440,639,218,-163,783,228,-12,731,212,12,811,123,-20,753,111,15,820,16,112,785,23,205,822,7,117,794,15,211,834,-19,-16,782,-10,69,
716,410,-232,721,419,-212,724,420,-212,727,420,-212,712,419,-214,708,420,-214,705,420,-214,732,417,-87,699,416,-102,722,401,-186,711,400,-189,766,373,-27,673,354,-21,822,358,-169,653,285,-45,838,383,-455,637,225,-186,846,394,-513,634,204,-214,839,397,-520,639,205,-246,834,391,-466,641,211,-201,779,228,-2,727,215,2,811,127,-64,747,117,-60,819,17,46,772,24,86,816,7,50,775,15,92,838,-15,-83,775,-9,-37,
724,406,-257,730,415,-240,732,416,-240,735,416,-240,720,415,-246,717,415,-246,713,415,-246,736,414,-108,707,414,-139,727,397,-206,716,396,-214,766,373,-16,674,357,-44,823,357,-128,652,284,-14,836,392,-436,634,217,-128,842,405,-479,631,195,-130,833,409,-478,639,195,-193,829,404,-436,641,202,-146,777,228,16,721,219,-16,811,133,-71,744,132,-56,819,18,30,739,40,126,814,8,34,733,31,135,844,-15,-94,762,-1,29,
734,390,-274,738,399,-257,740,400,-257,742,400,-257,729,400,-269,726,401,-269,722,403,-269,739,407,-116,713,414,-173,735,385,-216,725,386,-233,763,372,0,673,355,-80,823,355,-94,645,281,-22,829,403,-345,624,212,-78,831,414,-391,620,192,-84,822,415,-387,626,190,-128,819,411,-351,628,196,-92,769,228,35,713,218,-35,812,134,-104,733,134,-127,820,23,12,699,41,90,814,10,23,686,34,108,837,-10,-104,725,0,19,
737,373,-282,739,382,-265,741,383,-265,743,384,-265,732,383,-283,728,384,-283,724,386,-283,739,391,-122,712,395,-208,738,368,-224,728,368,-249,761,363,-3,673,351,-120,822,350,-95,638,281,-66,822,402,-326,613,207,-80,822,415,-368,606,185,-93,813,417,-363,610,183,-130,811,412,-332,613,189,-94,761,221,44,708,214,-44,811,132,-111,722,132,-195,822,24,-11,663,41,-30,814,12,-5,648,37,-18,851,-8,-110,674,0,-110,
735,368,-282,737,378,-263,738,378,-263,740,379,-263,730,378,-285,726,380,-285,723,382,-285,735,383,-121,712,386,-222,736,363,-225,727,364,-254,759,351,1,672,350,-152,819,336,-89,631,274,-135,811,396,-308,598,202,-180,805,411,-348,586,182,-195,795,413,-338,590,180,-229,794,407,-312,596,184,-193,751,209,58,703,203,-58,809,130,-93,712,126,-208,824,22,-10,630,40,-73,816,11,-4,614,37,-63,851,-8,-109,638,-3,-156,
735,364,-224,736,373,-204,737,373,-204,738,373,-204,729,374,-250,726,375,-250,723,377,-250,733,377,-68,713,381,-187,734,358,-169,726,360,-238,750,342,44,669,344,-139,818,328,-29,623,270,-135,795,394,-224,582,202,-183,791,406,-258,570,184,-198,782,408,-252,573,182,-232,780,402,-230,578,186,-196,740,200,67,694,194,-67,801,125,-61,699,111,-198,825,22,-7,616,40,-57,817,11,-3,599,36,-47,849,-3,-105,616,-7,-130,
734,359,-233,734,368,-210,735,368,-210,736,368,-210,728,369,-245,725,371,-245,721,373,-245,731,373,-77,709,377,-207,732,352,-176,724,354,-225,742,337,24,661,342,-154,808,309,-61,609,270,-129,788,377,-266,566,206,-149,786,398,-299,555,189,-188,778,398,-291,558,188,-222,775,389,-270,563,192,-165,723,199,63,676,195,-63,784,116,-27,687,108,-166,828,15,-9,608,32,-71,823,5,-12,589,26,-66,852,-3,-115,618,-18,-160,
733,360,-151,733,371,-129,733,371,-129,734,371,-129,728,372,-157,725,373,-157,721,374,-157,727,375,-10,708,378,-143,730,352,-105,722,353,-143,733,330,68,657,342,-110,795,295,-13,601,278,-101,784,362,-209,548,222,-136,784,384,-239,535,203,-149,776,385,-234,536,199,-172,773,376,-214,541,204,-145,706,193,64,659,191,-64,767,104,0,667,107,-138,824,12,19,603,27,-37,821,1,15,583,18,-33,854,-1,-74,617,-17,-128,
731,364,-185,731,374,-164,730,374,-164,729,374,-164,727,375,-186,724,376,-186,721,377,-186,717,377,-41,702,380,-160,723,355,-138,718,356,-163,724,326,45,646,342,-130,780,285,-29,581,289,-126,781,350,-230,526,245,-152,784,370,-261,513,228,-163,777,373,-258,516,224,-187,773,365,-236,520,229,-162,688,192,65,641,193,-65,745,104,40,651,109,-87,808,16,110,598,22,26,806,2,113,582,14,31,850,6,32,618,-10,-85,
718,366,-197,718,375,-175,718,376,-176,718,376,-176,712,375,-194,708,376,-194,704,378,-194,709,379,-60,688,381,-158,710,357,-154,703,358,-178,717,325,25,635,344,-121,764,274,-56,570,304,-132,778,336,-261,506,277,-184,783,356,-299,490,264,-199,777,361,-296,491,258,-227,774,353,-267,496,261,-197,673,196,61,621,197,-61,730,107,8,638,109,-141,781,17,58,595,22,-64,779,3,59,580,12,-61,826,5,-23,617,-15,-161,
701,371,-198,705,380,-178,706,380,-178,708,379,-178,696,382,-191,692,383,-191,687,384,-191,703,380,-62,675,384,-124,699,360,-155,689,362,-173,710,322,22,624,348,-96,748,264,-60,554,322,-117,772,326,-272,487,301,-163,779,348,-306,468,293,-174,775,354,-300,469,290,-194,771,346,-277,475,291,-179,661,198,57,607,202,-57,716,109,6,621,110,-155,756,18,67,593,20,-72,755,3,69,583,10,-69,801,3,-6,612,-12,-179,
686,380,-209,691,389,-189,694,389,-189,696,388,-189,681,392,-195,677,392,-195,673,393,-195,695,384,-78,664,389,-113,688,368,-169,675,370,-175,701,322,1,614,351,-77,730,258,-102,539,339,-95,762,319,-291,467,323,-142,770,339,-315,449,318,-151,767,347,-310,448,316,-172,762,339,-295,454,315,-157,649,199,54,595,205,-54,699,110,20,607,112,-157,733,20,106,591,21,-62,729,3,110,585,10,-58,778,3,34,602,-8,-172,
674,386,-248,680,395,-231,683,395,-231,686,394,-231,670,398,-233,666,398,-233,663,399,-233,686,388,-122,655,393,-125,678,374,-207,664,377,-211,694,324,-43,604,356,-80,713,257,-163,528,357,-99,748,318,-362,452,355,-153,757,338,-391,433,355,-164,755,345,-385,435,350,-184,749,338,-366,442,347,-166,639,200,52,584,209,-52,684,110,10,592,112,-143,712,21,100,585,18,-39,706,4,104,583,8,-33,755,3,18,605,-7,-148,
663,391,-266,669,400,-252,672,399,-252,674,399,-252,660,403,-252,656,403,-252,653,404,-252,676,393,-148,646,399,-150,667,379,-227,655,382,-229,687,326,-85,594,363,-84,692,257,-217,522,371,-94,734,317,-431,447,383,-140,744,338,-466,428,386,-149,743,345,-461,430,383,-169,737,338,-435,435,381,-154,632,202,36,577,210,-36,670,110,24,579,112,-60,692,22,158,583,15,58,683,5,167,584,7,62,732,2,77,597,-6,-64,
653,398,-255,658,408,-239,661,407,-239,664,406,-239,649,410,-241,646,410,-241,642,410,-241,667,400,-132,637,406,-147,657,386,-215,645,389,-219,678,329,-76,586,369,-80,675,260,-201,516,378,-91,714,319,-407,452,411,-154,726,336,-446,432,414,-173,726,345,-444,433,412,-196,720,338,-413,438,411,-170,627,204,29,571,211,-29,657,110,26,570,112,-35,672,24,200,578,17,110,662,10,214,582,8,118,706,2,122,587,-6,-4,
645,406,-249,651,414,-231,654,413,-231,657,412,-231,641,417,-234,638,417,-234,634,418,-234,659,407,-121,630,413,-128,649,394,-208,637,397,-212,673,337,-74,578,373,-55,659,262,-204,510,384,-49,691,325,-421,452,419,-123,699,342,-463,432,425,-147,701,349,-461,433,427,-170,696,342,-427,439,423,-140,624,209,19,566,216,-18,646,110,14,563,114,-99,644,33,235,574,15,59,634,21,254,581,7,68,667,1,150,576,-17,-52,
636,414,-255,642,422,-236,646,421,-236,649,420,-236,632,424,-236,628,424,-236,625,424,-236,651,414,-124,620,420,-123,640,401,-213,627,404,-213,667,346,-89,570,378,-37,654,264,-220,500,384,-21,670,328,-435,452,429,-103,673,345,-480,434,439,-127,675,352,-477,437,441,-149,672,345,-440,443,437,-118,623,212,3,564,218,-3,635,110,-87,558,115,-148,619,42,186,570,15,55,609,36,208,575,8,69,629,1,100,568,-25,-65,
620,420,-247,628,429,-236,632,429,-236,637,428,-236,617,431,-219,614,431,-219,610,431,-219,644,421,-121,609,426,-94,626,408,-209,614,410,-195,664,350,-94,568,381,4,654,265,-222,498,374,54,646,324,-428,456,425,-19,641,339,-469,441,439,-37,642,349,-465,444,441,-58,643,345,-430,449,436,-33,621,212,-10,561,218,10,616,108,-50,552,115,-136,579,44,261,569,11,46,570,45,289,576,5,58,572,6,199,549,-24,-70,
614,425,-197,621,435,-182,625,434,-182,629,434,-182,610,436,-173,607,436,-173,604,436,-173,636,426,-86,601,430,-54,620,413,-161,608,414,-151,660,355,-73,562,381,34,659,270,-194,498,365,30,625,316,-414,461,410,-100,611,326,-450,447,427,-137,611,338,-458,450,430,-148,614,336,-408,455,426,-111,618,212,-12,559,218,12,601,108,-40,548,115,-167,562,45,210,565,5,-62,542,38,230,572,-1,-59,551,9,143,536,-15,-187,
607,428,-175,614,438,-159,618,437,-159,622,437,-159,603,439,-153,600,440,-153,596,440,-153,628,430,-58,593,434,-33,612,416,-137,600,417,-129,653,361,-46,556,380,73,658,277,-132,498,359,46,602,295,-310,466,393,-164,582,295,-348,452,406,-201,579,305,-348,455,409,-213,583,308,-308,460,405,-175,611,212,-22,555,221,22,579,111,-61,544,118,-130,534,43,154,558,7,-20,522,37,172,568,1,-15,528,9,71,541,-19,-138,
596,430,-195,603,440,-179,607,440,-179,611,439,-179,592,440,-175,589,440,-175,585,440,-175,619,432,-62,584,433,-59,602,418,-156,590,418,-152,646,362,-67,550,378,45,655,281,-105,501,331,-12,591,260,-214,468,366,-326,573,248,-246,454,384,-375,567,256,-256,457,391,-388,571,262,-216,462,384,-339,604,211,-21,552,220,21,558,109,-23,540,111,-70,514,27,176,553,8,22,506,26,189,563,2,23,511,-1,80,543,-32,-102,
588,428,-238,594,437,-222,598,437,-222,602,436,-222,584,437,-214,580,437,-214,576,437,-214,609,430,-119,575,430,-84,595,416,-201,582,416,-191,640,361,-107,545,370,17,646,281,-126,506,310,-38,603,224,-238,466,320,-316,593,200,-274,453,330,-360,581,210,-293,456,335,-386,584,218,-245,461,331,-334,599,211,-24,551,219,24,550,103,-15,534,107,-53,519,24,174,547,6,43,511,21,187,563,-16,45,517,-8,80,538,-38,-84,
581,424,-251,587,434,-235,591,433,-235,595,433,-235,577,434,-227,574,434,-227,571,434,-227,604,427,-135,570,428,-96,588,413,-214,576,413,-204,634,359,-115,542,361,7,636,277,-128,510,300,-53,613,199,-224,468,292,-318,610,174,-260,455,292,-366,599,178,-282,457,297,-396,598,186,-233,462,297,-338,591,207,-36,545,219,36,547,100,-24,520,116,-75,524,24,172,545,14,35,518,18,185,567,-12,39,514,-21,81,529,-34,-78,
577,422,-287,583,432,-274,587,431,-274,591,431,-274,573,432,-265,570,432,-265,566,432,-265,600,425,-179,566,426,-139,584,411,-251,571,411,-240,630,356,-147,541,355,-29,637,267,-133,514,284,-48,629,188,-224,469,274,-259,610,166,-254,455,271,-298,612,165,-281,456,275,-333,617,173,-235,461,276,-280,589,200,-39,542,214,39,545,97,4,512,116,-83,529,25,266,546,16,46,527,19,286,564,1,53,521,-16,187,534,-32,-56,
571,424,-293,577,433,-278,581,433,-278,585,432,-278,568,433,-270,565,433,-270,562,432,-270,594,426,-182,564,426,-148,578,412,-257,566,412,-247,629,356,-139,538,352,-51,646,271,-120,520,277,-45,654,203,-209,469,267,-253,659,182,-236,455,264,-293,656,182,-268,455,268,-304,652,186,-223,460,269,-262,589,200,-33,541,213,33,545,97,-10,514,115,-66,524,22,219,547,15,68,519,18,235,562,3,75,520,-21,186,537,-32,-40,
569,429,-292,576,439,-277,580,438,-277,583,438,-277,566,438,-270,564,438,-270,561,437,-270,593,431,-178,562,431,-146,576,418,-255,565,417,-246,628,365,-135,537,352,-48,648,286,-115,524,285,-43,675,220,-208,475,266,-238,686,200,-236,461,260,-274,681,198,-269,459,262,-301,676,204,-223,462,265,-252,588,204,-35,541,214,35,548,100,-17,520,115,-44,529,23,208,548,15,81,523,18,221,561,5,87,522,-19,119,535,-30,-28,
569,437,-277,576,448,-261,580,448,-261,584,448,-261,566,448,-255,563,447,-255,560,447,-255,593,443,-160,561,442,-135,577,426,-238,565,425,-232,630,376,-122,536,364,-39,663,309,-85,525,294,-19,689,227,-186,485,265,-185,699,217,-215,473,256,-221,693,216,-250,470,260,-263,688,221,-202,474,263,-208,592,214,-33,542,221,33,555,111,-17,526,118,-19,530,23,156,547,16,94,521,16,164,558,6,98,522,-15,49,525,-11,-12,
573,446,-236,580,457,-220,584,457,-220,588,456,-220,569,457,-216,565,457,-216,562,457,-216,594,452,-116,561,452,-101,580,433,-197,567,434,-193,632,385,-59,531,375,-23,674,328,-7,525,307,13,695,253,-98,502,270,-119,703,227,-123,495,258,-150,694,217,-159,494,260,-185,690,229,-113,497,263,-137,595,221,-27,544,224,27,563,111,-22,528,113,-9,539,27,206,539,16,174,532,19,222,545,8,184,535,-8,101,514,-13,62,
576,451,-223,583,462,-206,587,462,-206,590,462,-206,571,463,-203,567,463,-203,564,463,-203,596,458,-101,562,458,-87,583,438,-183,569,439,-179,634,395,-44,530,384,-18,679,340,-11,521,319,-20,696,270,-116,513,276,-212,704,242,-147,510,261,-257,695,235,-182,515,264,-288,690,247,-131,518,270,-229,602,230,-18,545,233,18,578,122,1,526,129,-35,554,29,201,523,22,120,548,20,214,528,14,134,553,-8,81,508,-14,-22,
579,450,-248,585,461,-230,589,461,-230,593,461,-230,574,461,-231,570,462,-231,567,462,-231,597,458,-107,564,459,-115,586,438,-200,572,439,-202,635,398,-48,531,390,-30,682,342,-4,510,325,-50,696,272,-116,525,283,-249,702,245,-151,530,266,-295,694,240,-185,539,272,-320,689,249,-132,539,277,-262,606,237,-14,546,242,15,599,125,0,521,135,-71,596,29,182,505,26,33,592,20,188,509,17,35,589,-7,38,497,-9,-121,
580,447,-299,587,458,-281,591,458,-281,594,458,-281,576,458,-283,572,458,-283,569,458,-283,599,455,-162,566,455,-171,587,436,-253,574,436,-256,635,395,-79,532,391,-80,685,337,-40,501,323,-111,695,270,-156,533,284,-310,700,245,-189,544,270,-359,691,244,-216,551,277,-376,687,251,-169,549,282,-320,612,237,-14,547,242,14,617,131,11,518,143,-27,631,30,170,491,36,86,629,20,175,490,25,89,626,-5,30,493,7,-58,
584,445,-286,589,455,-268,592,456,-269,595,456,-268,579,456,-271,575,456,-271,571,457,-271,600,454,-153,567,453,-161,590,435,-241,577,436,-243,636,391,-77,534,387,-63,687,334,-35,499,323,-77,698,272,-147,527,280,-260,702,247,-181,535,265,-308,692,247,-213,543,272,-313,688,253,-161,542,277,-260,615,235,-15,548,240,15,638,129,-27,512,141,-20,658,27,73,480,35,84,658,16,73,483,23,83,655,-5,-73,467,9,-58,
591,421,-302,596,432,-286,599,432,-286,602,432,-286,585,433,-288,581,434,-288,577,435,-287,606,432,-168,571,435,-173,595,411,-254,583,412,-256,638,387,-93,534,377,-56,691,333,-44,499,320,25,703,277,-131,512,254,-25,707,252,-158,515,233,-41,696,253,-188,526,235,-75,691,259,-144,529,242,-38,619,233,-22,551,238,22,654,131,-139,508,142,-80,685,22,-92,475,32,-20,682,9,-96,482,16,-23,699,-5,-228,433,26,-142,
600,396,-389,606,407,-372,609,408,-372,612,408,-372,595,409,-377,591,410,-377,587,411,-377,615,408,-239,581,412,-262,603,388,-337,592,388,-343,641,373,-151,535,350,-150,692,332,-174,495,287,-127,708,290,-324,463,214,-168,716,271,-363,445,200,-107,704,269,-387,447,198,-228,699,276,-338,456,202,-191,624,221,-13,556,223,13,671,129,-188,501,142,-134,693,20,-120,476,31,-32,685,5,-121,481,12,-31,728,5,-243,425,22,-148,
611,374,-455,615,385,-437,618,386,-437,620,386,-437,606,387,-442,602,388,-442,597,389,-442,621,386,-302,590,389,-319,612,365,-402,602,365,-407,644,356,-229,541,329,-209,692,330,-358,495,262,-228,711,303,-599,440,204,-319,720,289,-655,418,190,-343,707,288,-672,419,189,-388,701,292,-614,428,193,-339,629,208,-7,560,209,7,695,132,-273,486,143,-247,699,20,-165,473,30,-126,688,5,-162,482,8,-122,740,4,-298,421,17,-257,
615,359,-428,618,371,-412,620,371,-412,622,371,-412,611,372,-415,607,373,-415,603,374,-415,624,372,-279,596,375,-287,615,351,-375,607,351,-377,649,344,-201,546,314,-178,691,327,-328,496,251,-190,708,309,-561,436,195,-288,718,302,-616,415,182,-316,704,301,-628,415,180,-354,698,302,-574,425,184,-307,634,198,-3,565,200,3,709,136,-272,481,144,-264,706,20,-117,468,29,-97,695,5,-108,481,8,-88,751,1,-231,421,14,-217,
615,349,-452,620,360,-436,622,361,-436,624,361,-436,611,361,-442,608,363,-442,604,364,-442,626,364,-299,596,367,-327,617,342,-397,608,342,-404,652,334,-185,549,310,-216,694,308,-241,497,247,-225,732,303,-423,446,187,-317,750,305,-464,428,174,-340,743,305,-487,429,172,-379,731,302,-439,437,175,-335,635,196,6,566,198,-6,710,138,-258,485,142,-279,707,21,-120,467,26,-135,696,6,-114,478,6,-127,752,1,-237,432,7,-262,
613,348,-455,618,358,-443,621,359,-443,624,360,-443,609,358,-447,605,360,-447,602,361,-447,626,364,-316,594,365,-331,615,341,-402,606,341,-406,651,336,-213,550,318,-210,693,298,-317,502,253,-193,683,299,-564,457,192,-282,675,292,-617,429,175,-307,664,293,-626,432,173,-342,663,293,-574,441,178,-297,634,200,4,568,201,-4,702,136,-230,491,134,-226,707,21,-96,470,28,-89,697,6,-90,475,15,-83,748,0,-211,434,5,-216,
613,357,-436,618,366,-426,621,367,-426,624,368,-426,608,366,-427,604,367,-427,600,368,-427,626,372,-305,593,373,-305,614,352,-384,604,352,-384,651,337,-189,552,327,-183,691,276,-260,512,261,-166,644,281,-475,491,200,-230,625,278,-523,479,184,-254,619,289,-525,483,182,-281,623,291,-479,489,187,-240,632,201,11,569,204,-11,688,135,-191,522,129,-163,705,23,-63,474,28,-74,696,8,-56,471,16,-65,734,0,-180,484,4,-194,
602,358,-436,606,365,-434,609,366,-434,613,367,-434,596,365,-431,593,366,-431,589,367,-431,617,374,-330,583,374,-312,607,355,-388,596,355,-383,647,342,-223,551,328,-172,675,268,-266,518,265,-36,616,269,-453,510,208,-97,597,261,-497,504,192,-115,591,273,-502,511,192,-146,595,275,-456,516,196,-109,632,211,-3,571,211,3,674,129,-91,548,126,-94,704,23,-38,476,29,-17,706,9,-44,472,16,-16,731,-2,-183,507,5,-159,
589,357,-381,593,363,-388,597,364,-388,600,366,-388,583,362,-379,580,363,-379,577,364,-380,604,376,-295,571,374,-276,596,355,-341,584,355,-332,641,343,-202,549,334,-118,663,269,-226,520,267,-20,598,262,-353,524,214,-95,580,253,-389,523,196,-116,575,262,-392,530,193,-143,577,265,-353,532,202,-106,630,214,-16,573,214,16,652,124,-77,557,122,-68,702,23,-10,491,30,17,710,11,-13,472,18,19,701,-3,-174,516,4,-110,
576,357,-358,580,363,-362,583,365,-362,587,367,-362,570,363,-357,567,363,-357,564,365,-357,592,377,-284,561,373,-261,585,355,-319,573,355,-313,633,343,-194,541,337,-128,652,270,-193,517,271,-70,589,243,-293,535,222,-155,573,228,-327,539,197,-182,568,237,-336,545,206,-206,569,241,-296,545,216,-165,628,215,-19,572,213,19,649,123,-66,553,124,-51,701,23,-3,495,30,34,708,11,-4,479,18,37,696,-5,-157,511,4,-85,
565,355,-456,567,362,-460,570,364,-460,574,366,-460,558,361,-457,555,362,-457,553,363,-457,580,376,-370,551,370,-355,573,354,-412,563,353,-408,625,345,-258,531,337,-222,648,272,-243,511,271,-209,601,229,-343,540,229,-331,590,210,-380,548,206,-367,580,219,-392,553,218,-382,582,226,-348,553,225,-338,625,221,-16,568,217,16,650,124,-78,550,124,-70,703,23,-6,494,30,20,704,12,-7,481,17,23,696,-16,-156,502,4,-101,
551,352,-460,554,359,-462,557,361,-462,560,363,-462,545,359,-457,543,360,-457,540,361,-457,565,372,-369,540,367,-347,559,350,-415,549,349,-409,615,346,-257,519,335,-218,647,276,-239,500,267,-214,619,211,-335,538,234,-348,612,188,-373,550,219,-386,604,193,-396,555,229,-404,604,200,-344,554,234,-356,625,223,-15,564,217,15,674,124,-101,517,129,-89,704,23,-25,490,30,8,701,12,-25,484,17,12,716,-9,-159,460,8,-100,
538,346,-482,542,355,-482,545,356,-482,548,358,-482,533,354,-475,531,355,-475,528,356,-475,555,367,-381,529,363,-350,548,343,-436,537,343,-427,609,341,-247,510,329,-223,650,271,-213,487,253,-252,646,203,-299,535,239,-411,656,181,-330,549,229,-447,646,181,-356,554,239,-456,640,189,-309,551,243,-415,622,222,-10,559,217,10,683,145,-214,497,137,-154,701,27,-111,479,33,-50,696,12,-108,484,17,-46,735,6,-235,431,21,-156,
541,340,-529,542,352,-521,545,355,-521,548,357,-521,532,348,-515,529,348,-516,525,349,-516,551,365,-401,520,355,-377,548,338,-477,537,336,-470,601,337,-256,502,315,-251,654,267,-228,481,235,-331,694,201,-328,534,242,-524,714,186,-361,551,239,-568,706,185,-385,557,249,-570,698,188,-338,553,251,-527,619,216,-7,553,210,7,696,154,-281,481,149,-260,698,31,-156,470,34,-129,686,12,-151,482,16,-121,739,15,-288,420,19,-246,
540,336,-522,540,349,-513,543,351,-513,545,353,-513,531,345,-511,527,344,-511,522,344,-511,545,358,-388,514,345,-377,546,333,-467,536,328,-464,592,332,-243,495,303,-259,658,273,-231,479,226,-372,726,212,-344,534,249,-580,744,196,-370,554,252,-624,742,200,-406,557,261,-620,736,206,-363,553,261,-580,614,209,-6,548,201,6,700,150,-289,468,154,-271,697,30,-171,465,35,-144,683,10,-167,480,16,-137,742,11,-306,417,17,-260,
531,336,-511,533,349,-501,537,351,-501,540,353,-501,523,345,-498,519,344,-498,516,344,-498,544,357,-379,511,346,-364,539,332,-460,527,328,-456,594,328,-243,496,300,-262,668,294,-239,479,222,-383,731,248,-351,532,257,-589,754,240,-376,552,266,-632,752,237,-408,554,274,-625,744,237,-368,550,272,-588,613,202,-6,548,197,6,696,147,-283,468,155,-258,697,30,-142,465,35,-119,683,10,-135,479,16,-110,738,11,-270,417,16,-226,
528,338,-502,530,351,-492,534,353,-492,538,355,-492,520,348,-486,518,348,-487,515,348,-487,544,359,-378,514,350,-353,538,334,-455,526,330,-447,597,330,-256,499,304,-258,682,314,-271,481,228,-392,731,261,-374,534,272,-594,753,249,-398,555,282,-636,749,245,-423,557,289,-625,740,246,-386,551,286,-591,613,204,-10,550,198,10,692,141,-269,475,154,-231,696,30,-127,466,37,-94,684,10,-120,479,17,-86,733,10,-257,419,17,-207,
531,344,-527,535,356,-523,539,357,-523,542,358,-523,525,355,-513,522,355,-513,520,355,-513,551,361,-433,521,355,-381,542,335,-487,530,331,-472,601,331,-318,504,309,-278,688,329,-343,483,235,-416,721,264,-415,542,280,-621,740,248,-440,564,290,-664,734,245,-458,565,297,-653,725,246,-423,560,294,-618,614,206,-23,551,200,23,675,131,-258,482,152,-157,697,26,-135,468,37,-40,693,10,-132,479,17,-33,720,-5,-282,427,19,-145,
537,361,-516,540,373,-513,544,373,-513,547,374,-513,530,373,-505,526,373,-505,522,373,-505,557,375,-422,533,374,-379,547,351,-476,535,351,-464,612,339,-291,509,322,-266,693,332,-236,484,244,-365,708,267,-224,550,282,-559,721,245,-226,573,287,-601,715,243,-243,574,296,-589,709,247,-227,569,295,-554,616,217,-24,557,213,24,643,130,-185,500,146,-105,696,28,-102,469,36,-33,698,16,-103,476,17,-31,687,-4,-261,461,12,-155,
557,379,-389,564,389,-382,568,389,-382,572,389,-382,555,390,-380,552,391,-380,549,392,-380,579,387,-290,552,390,-278,564,368,-349,553,370,-346,623,345,-184,519,333,-185,697,331,-107,491,258,-245,696,262,-115,559,278,-397,706,243,-119,581,279,-431,698,242,-133,583,288,-421,692,245,-117,579,289,-392,618,223,-22,561,220,21,625,129,-118,525,137,-80,689,31,-62,470,36,-27,700,19,-64,473,20,-26,667,-1,-197,478,11,-143,
582,391,-312,589,401,-300,592,401,-300,595,400,-300,579,404,-301,576,405,-301,573,406,-301,599,398,-195,570,404,-199,587,381,-268,575,383,-270,636,351,-97,531,344,-110,699,324,-17,496,270,-166,682,260,-19,559,274,-318,686,240,-21,581,272,-350,677,241,-34,585,281,-346,673,244,-20,580,283,-315,622,224,-19,566,221,18,624,130,-164,541,134,-81,687,31,-146,475,36,-115,701,18,-150,473,23,-117,668,-2,-287,479,7,-239,
602,398,-338,609,408,-325,612,407,-325,615,407,-325,599,411,-327,596,412,-327,592,413,-327,620,403,-211,586,410,-220,606,388,-292,595,389,-295,652,353,-117,543,351,-117,698,323,-70,505,281,-161,675,253,-131,562,272,-338,679,230,-150,580,259,-378,670,233,-168,585,269,-381,667,240,-137,580,274,-339,627,223,-19,568,225,18,637,130,-119,532,135,-91,689,31,-81,477,37,-111,704,18,-86,474,25,-113,672,-1,-243,478,7,-252,
626,398,-384,632,408,-370,635,407,-370,638,407,-370,623,410,-373,619,412,-373,615,413,-373,639,404,-250,605,411,-263,629,388,-335,618,389,-338,666,353,-141,554,356,-152,697,309,-48,512,292,-138,677,247,-86,556,256,-241,679,223,-101,576,240,-271,671,227,-126,578,250,-289,668,236,-94,574,256,-248,631,222,-16,569,225,16,665,130,-127,526,135,-126,694,26,-77,480,37,-52,702,16,-77,482,25,-47,673,-7,-228,475,7,-175,
649,395,-393,654,405,-379,656,405,-378,658,405,-379,646,408,-385,642,409,-385,638,410,-385,656,403,-249,626,410,-277,649,386,-341,640,387,-350,677,352,-133,567,360,-167,701,301,-41,522,303,-128,679,241,-101,541,243,-207,682,219,-120,540,219,-234,675,222,-150,549,224,-263,671,230,-113,553,230,-218,636,223,-1,570,230,1,689,131,-131,506,148,-193,699,27,-18,482,40,-55,700,14,-14,490,24,-49,722,4,-130,450,16,-172,
664,392,-390,669,402,-371,671,402,-371,674,401,-371,661,404,-380,657,406,-380,653,407,-380,672,400,-231,642,407,-275,665,382,-335,654,383,-348,689,348,-112,581,360,-171,707,295,0,531,304,-140,690,239,-31,519,230,-219,691,219,-45,507,208,-244,683,222,-75,516,207,-279,680,228,-43,524,212,-232,642,222,6,575,228,-6,706,143,-188,494,159,-232,709,30,-40,482,40,-68,700,13,-32,492,23,-58,745,8,-149,436,19,-190,
678,389,-322,683,399,-300,685,399,-300,687,398,-300,675,401,-309,671,402,-309,667,404,-309,686,398,-160,656,403,-202,678,380,-269,668,380,-281,697,339,-77,592,357,-106,713,283,-57,537,298,-80,702,230,-181,500,224,-161,703,212,-220,483,209,-188,696,214,-249,489,207,-227,693,220,-197,496,210,-178,642,214,4,575,223,-4,720,149,-208,485,161,-247,712,33,-40,481,41,-67,699,13,-30,491,22,-57,750,11,-142,434,19,-189,
687,387,-266,693,397,-242,695,397,-242,697,397,-242,684,399,-250,680,401,-250,675,402,-250,694,397,-107,665,401,-141,687,378,-215,676,379,-225,701,335,-40,600,356,-54,718,276,-48,541,297,-32,709,222,-198,495,231,-118,713,203,-239,475,217,-145,705,205,-266,482,214,-186,701,211,-213,490,217,-136,641,212,4,576,222,-4,720,152,-231,488,161,-253,712,33,-74,481,41,-90,699,13,-62,491,22,-80,750,10,-166,435,19,-212,
688,386,-306,694,397,-284,697,396,-284,699,396,-284,684,399,-292,681,400,-292,676,402,-292,695,396,-149,667,401,-187,688,377,-254,676,378,-265,703,336,-64,604,358,-98,722,275,-25,545,300,-75,714,214,-131,498,235,-158,719,195,-163,481,221,-184,711,195,-194,486,219,-224,706,202,-146,493,222,-175,640,212,7,576,223,-7,714,150,-213,491,159,-227,712,33,-59,480,41,-85,699,14,-48,490,22,-72,749,9,-156,437,19,-206,
684,390,-334,690,400,-317,692,400,-317,694,399,-317,682,403,-320,678,405,-320,674,406,-320,694,398,-188,664,407,-197,685,380,-282,674,382,-284,707,337,-95,606,364,-142,724,272,-50,549,310,-109,715,208,-144,507,242,-188,720,188,-172,495,223,-214,711,189,-202,500,223,-249,707,197,-157,506,227,-203,639,214,17,576,226,-17,706,141,-137,515,146,-129,710,33,-3,481,41,5,699,13,4,489,23,12,743,9,-104,458,16,-122,
681,392,-345,687,403,-328,690,402,-328,693,402,-328,679,406,-323,675,407,-324,671,409,-324,693,401,-203,661,411,-233,682,382,-295,671,385,-290,707,338,-103,606,374,-152,723,271,-45,548,327,-113,712,209,-151,533,263,-200,716,187,-177,524,242,-231,707,189,-210,534,241,-259,704,198,-162,540,247,-212,638,219,23,578,234,-23,685,135,-23,539,143,-158,710,29,67,484,43,-81,699,13,69,480,27,-82,724,3,-49,499,15,-237,
679,396,-383,686,406,-368,688,406,-368,691,405,-368,677,410,-374,673,412,-375,669,414,-375,692,405,-242,660,416,-278,679,386,-331,668,390,-340,705,341,-126,604,381,-180,721,272,-72,543,333,-164,709,210,-199,564,275,-272,715,188,-234,565,255,-311,706,191,-262,576,257,-326,702,199,-212,577,264,-277,638,223,17,579,236,-17,660,132,49,553,139,-168,705,29,174,485,43,-97,702,18,179,473,28,-97,699,3,46,509,13,-258,
675,403,-350,682,413,-336,685,412,-335,688,412,-335,673,416,-340,669,418,-340,666,420,-340,690,410,-215,658,421,-238,676,391,-300,665,396,-307,703,343,-104,605,385,-165,721,273,-59,542,336,-214,704,210,-190,597,292,-402,704,188,-218,610,277,-448,698,191,-247,619,281,-451,697,199,-203,615,285,-404,638,225,16,578,238,-16,650,131,74,551,136,-118,701,31,233,485,43,-26,702,22,242,470,28,-23,694,3,114,506,11,-182,
673,406,-336,681,416,-320,684,416,-320,686,415,-320,670,420,-323,667,422,-323,663,423,-323,689,413,-192,657,424,-206,675,395,-284,663,399,-289,703,345,-87,608,388,-144,714,273,-59,545,343,-269,696,212,-186,611,315,-495,693,190,-214,630,303,-548,687,193,-246,639,307,-539,686,200,-203,635,310,-494,639,225,14,578,237,-15,659,131,-9,541,136,-71,701,30,133,484,43,86,702,22,139,472,28,96,697,0,-6,492,11,-61,
674,406,-327,681,417,-310,684,416,-310,687,416,-310,671,420,-312,667,421,-312,664,423,-312,690,414,-179,657,423,-186,676,395,-275,664,399,-277,704,345,-72,610,388,-128,712,272,-54,549,350,-269,691,207,-172,611,318,-494,687,189,-199,629,309,-544,682,193,-225,639,314,-537,682,199,-184,634,317,-494,639,224,13,578,237,-13,681,131,-154,522,140,-119,703,30,6,479,42,29,701,19,16,473,26,38,714,-1,-118,452,20,-104,
685,405,-323,690,417,-302,693,416,-302,695,416,-302,681,419,-305,677,420,-305,673,422,-305,695,414,-164,663,422,-176,686,394,-269,675,397,-273,708,342,-60,614,386,-116,711,270,-44,550,350,-236,689,201,-156,595,304,-448,685,183,-187,608,292,-497,680,187,-215,616,297,-498,680,193,-169,613,301,-452,639,224,12,577,236,-12,700,142,-190,501,148,-142,706,34,-25,470,43,20,700,19,-14,473,24,30,738,10,-130,423,29,-108,
700,404,-329,704,415,-306,705,414,-306,707,414,-306,695,417,-309,691,419,-309,687,421,-309,704,412,-161,676,419,-178,699,392,-275,689,396,-280,713,334,-65,622,385,-95,709,265,-35,561,345,-95,698,186,-132,556,299,-180,698,170,-154,545,285,-205,696,171,-189,551,288,-227,694,176,-148,557,292,-191,640,222,10,577,235,-10,713,158,-349,490,164,-271,711,38,-222,464,46,-107,699,19,-216,471,23,-100,744,12,-359,412,36,-259,
721,390,-288,721,400,-261,721,400,-261,722,401,-261,715,402,-278,712,404,-278,708,405,-278,712,400,-126,693,405,-193,716,381,-238,708,382,-261,711,327,-51,620,364,-106,707,261,-4,556,320,-119,724,194,-97,492,274,-177,727,176,-117,470,266,-196,728,178,-153,469,265,-235,725,184,-116,478,266,-194,642,216,11,579,230,-11,722,160,-301,485,164,-226,712,38,-175,457,46,-67,698,19,-168,466,23,-60,746,11,-291,405,37,-208,
730,377,-186,731,388,-167,731,388,-167,730,388,-167,727,389,-194,724,391,-194,721,393,-194,714,390,-73,700,395,-194,721,370,-150,716,370,-186,710,323,-11,621,352,-152,692,265,173,555,310,-157,725,237,250,475,266,-208,737,234,265,453,256,-221,738,239,228,453,254,-257,733,242,237,460,255,-223,642,212,19,580,224,-20,721,157,-257,489,160,-161,711,38,-138,457,46,29,696,19,-130,464,23,40,744,9,-245,411,34,-88,
724,379,-143,723,390,-123,722,391,-123,721,391,-123,720,391,-153,717,393,-153,715,394,-153,707,392,-22,695,396,-163,716,372,-104,713,372,-145,705,324,40,620,355,-150,690,252,48,545,310,-138,715,265,-51,482,256,-136,732,280,-72,465,246,-143,726,287,7,464,243,-168,725,282,-49,472,244,-145,642,211,34,581,222,-34,714,155,-253,491,157,-179,711,37,-148,458,46,25,695,19,-142,462,26,28,742,8,-248,419,28,-129,
718,380,-202,716,394,-181,715,395,-181,715,397,-181,713,393,-203,710,394,-203,707,395,-203,706,398,-73,689,398,-174,710,372,-161,706,373,-190,702,325,-6,610,356,-146,684,244,-86,539,313,-127,684,300,-299,496,251,-129,678,319,-341,481,235,-140,682,325,-326,486,231,-161,683,320,-299,492,235,-136,638,212,49,579,222,-49,702,152,-198,513,146,-132,710,37,-112,459,46,37,694,19,-99,463,29,46,741,8,-183,460,20,-87,
712,399,-222,710,412,-203,710,412,-203,709,413,-203,706,411,-221,701,411,-221,696,412,-221,692,413,-95,674,413,-179,702,388,-180,696,389,-205,693,338,-17,597,368,-140,682,249,-152,535,317,-107,653,331,-373,507,250,-122,639,350,-421,497,231,-139,643,358,-403,501,228,-158,646,354,-371,505,233,-128,632,218,49,576,229,-49,676,140,163,536,144,-149,707,37,334,471,46,-91,694,18,348,462,29,-92,740,8,264,504,15,-234,
683,416,-184,682,428,-167,682,428,-167,683,428,-167,677,429,-186,674,430,-186,671,430,-186,671,427,-70,653,430,-157,678,407,-146,672,408,-172,678,359,-26,582,379,-119,679,282,-138,531,318,-102,639,347,-352,515,249,-130,625,364,-399,511,227,-154,626,372,-383,522,227,-168,630,368,-350,525,232,-135,628,226,40,573,234,-41,658,135,93,551,141,-154,706,32,219,486,46,-78,698,16,226,467,29,-75,727,8,127,519,13,-211,
654,422,-193,652,434,-177,653,435,-177,653,435,-177,649,435,-194,647,436,-194,644,437,-194,645,433,-82,628,437,-157,650,412,-156,646,413,-178,665,369,-45,565,383,-111,680,304,-173,526,318,-105,632,360,-382,528,253,-146,617,378,-429,529,231,-173,617,386,-413,538,233,-186,620,380,-380,541,239,-151,624,229,20,568,235,-20,648,136,47,552,141,-149,699,33,167,490,45,-61,698,17,173,470,29,-56,700,10,50,521,13,-194,
633,433,-204,632,445,-187,633,445,-187,633,445,-187,626,445,-196,623,446,-197,620,446,-197,626,442,-90,606,443,-126,632,424,-166,626,425,-178,657,378,-58,550,384,-69,680,319,-190,518,317,-57,622,367,-402,533,255,-110,604,385,-450,535,233,-136,603,393,-435,545,236,-149,606,386,-400,547,242,-115,623,235,4,563,238,-5,652,136,-4,544,142,-73,699,36,113,487,44,52,700,20,119,470,28,59,698,10,-9,514,13,-83,
622,439,-215,618,450,-197,618,451,-197,618,451,-197,614,450,-210,611,450,-210,608,451,-210,607,447,-91,590,446,-146,620,429,-175,615,430,-191,643,387,-78,535,383,-91,682,332,-216,508,310,-88,620,360,-434,534,255,-132,600,370,-483,538,231,-146,597,377,-465,548,237,-188,601,374,-432,549,243,-149,622,240,1,559,238,-1,660,139,-49,529,142,-95,699,38,51,485,44,40,699,22,55,482,29,47,706,12,-75,492,13,-81,
610,442,-262,606,454,-244,605,455,-244,604,455,-244,603,454,-261,600,454,-261,597,454,-261,587,451,-142,576,448,-212,608,432,-222,604,431,-243,629,396,-109,521,382,-145,683,350,-228,498,302,-150,629,351,-457,533,252,-204,613,352,-509,537,228,-230,607,359,-499,547,236,-246,610,359,-458,547,243,-210,620,243,-3,553,238,3,664,144,-68,505,144,-9,700,41,63,484,45,175,699,23,70,482,29,186,724,20,-45,453,22,78,
594,446,-273,587,457,-252,587,457,-252,586,457,-252,585,456,-269,582,456,-269,579,456,-269,570,451,-140,560,449,-211,592,435,-230,589,434,-251,617,399,-100,508,380,-152,676,364,-209,487,296,-188,647,346,-455,532,250,-292,645,341,-513,536,226,-329,623,346,-516,546,235,-342,613,347,-464,546,242,-297,616,245,0,547,238,0,674,152,-179,484,149,-159,700,46,-4,476,46,105,698,24,5,481,28,94,744,28,-113,431,29,-49,
579,443,-263,572,453,-246,571,454,-246,571,454,-246,569,453,-257,566,452,-257,563,452,-258,556,448,-110,544,444,-201,578,433,-226,574,432,-239,605,400,-54,496,365,-143,672,383,-64,478,285,-168,678,337,-236,528,245,-261,697,337,-281,534,222,-296,684,337,-305,544,230,-315,675,341,-252,544,238,-268,612,244,1,542,237,-1,684,165,-232,470,160,-253,701,47,-99,467,48,-73,698,24,-93,480,28,-65,754,33,-214,422,28,-182,
572,440,-270,565,449,-245,564,450,-245,563,450,-245,561,449,-262,557,449,-262,553,448,-262,549,445,-110,533,442,-197,571,429,-223,566,428,-245,597,399,-64,491,357,-139,666,380,-170,471,278,-231,695,337,-451,521,240,-412,717,334,-519,533,217,-464,709,335,-541,543,226,-480,700,341,-469,542,233,-422,608,242,0,538,233,0,690,169,-267,460,167,-260,703,47,-129,461,48,-86,698,24,-124,479,28,-78,759,34,-256,417,27,-199,
560,438,-349,555,447,-317,556,447,-317,556,448,-318,549,447,-333,545,447,-333,540,446,-333,546,443,-161,524,441,-233,560,428,-293,552,426,-313,594,394,-85,488,351,-171,666,381,-160,468,273,-286,706,335,-390,521,240,-491,730,333,-447,532,221,-548,721,328,-472,543,226,-562,712,333,-406,542,234,-500,605,240,0,535,228,0,689,169,-265,458,167,-292,704,47,-111,459,48,-102,698,24,-106,479,28,-92,757,33,-254,416,27,-226,
547,436,-385,546,446,-354,547,446,-355,549,446,-355,538,446,-367,533,446,-367,528,446,-367,545,441,-196,515,440,-252,550,426,-326,540,425,-342,588,395,-95,486,353,-177,666,381,-79,472,265,-304,705,327,-218,518,280,-533,725,315,-254,532,279,-589,717,311,-281,542,289,-593,710,315,-233,539,291,-538,602,239,0,534,228,0,684,168,-222,466,166,-236,703,47,-78,459,48,-70,697,25,-73,477,28,-61,753,31,-215,418,27,-190,
532,436,-353,536,446,-328,539,446,-328,542,446,-328,525,446,-333,520,446,-333,516,446,-333,546,442,-189,510,440,-225,540,426,-301,525,425,-307,590,396,-102,488,356,-132,667,377,-103,475,273,-262,696,315,-244,523,327,-500,712,290,-277,541,342,-550,705,285,-297,543,351,-544,698,292,-255,539,346,-501,602,240,-15,536,228,15,664,157,-204,473,158,-108,701,47,-60,461,49,39,697,25,-51,475,30,47,728,25,-187,425,26,-69,
527,438,-365,534,449,-348,537,449,-348,540,449,-348,522,449,-347,519,449,-347,515,449,-347,549,443,-231,515,443,-224,537,428,-319,523,427,-317,596,396,-141,493,369,-143,665,369,-108,462,309,-296,694,293,-148,527,365,-490,704,271,-160,543,385,-533,698,267,-174,544,388,-515,695,273,-152,540,382,-485,602,245,-30,538,236,30,634,155,-165,498,155,135,691,46,-121,461,50,309,697,28,-126,468,33,321,668,19,-300,446,26,212,
539,442,-358,545,451,-339,549,451,-339,553,450,-338,535,452,-338,531,453,-338,527,453,-338,559,444,-216,526,447,-219,547,430,-312,534,431,-312,602,395,-140,499,381,-151,664,362,-136,443,356,-329,685,283,-209,526,375,-520,700,262,-230,542,386,-564,689,260,-246,543,388,-544,684,266,-215,540,384,-515,603,247,-21,539,240,21,614,152,-112,522,154,30,670,48,-36,467,51,167,682,31,-39,467,36,175,654,18,-252,465,24,49,
551,450,-340,556,458,-319,559,458,-319,560,457,-319,547,459,-335,543,459,-335,539,459,-335,569,450,-200,528,453,-189,558,437,-293,546,439,-307,603,394,-125,500,395,-139,664,343,-121,437,393,-319,677,277,-204,514,386,-516,692,254,-227,535,385,-561,681,253,-247,539,390,-543,675,258,-213,534,389,-512,604,248,-17,542,243,17,612,151,-132,521,154,25,665,47,-55,468,52,150,676,31,-58,467,36,155,650,18,-231,466,24,30,
560,458,-262,571,465,-234,575,464,-234,578,463,-234,559,467,-238,555,467,-238,552,467,-238,587,456,-95,550,460,-111,570,446,-212,554,448,-219,617,394,-41,511,404,-72,663,335,-64,440,423,-308,670,267,-154,493,402,-477,682,246,-180,511,397,-528,672,245,-202,516,402,-514,667,249,-164,514,403,-478,604,247,-13,542,245,13,631,150,-134,514,152,-96,670,47,-2,467,53,46,671,31,2,467,38,54,676,18,-151,463,24,-75,
592,464,-247,599,471,-215,603,470,-215,607,469,-215,589,473,-223,585,473,-223,581,473,-223,612,461,-60,574,466,-104,598,451,-192,584,453,-205,634,395,-13,524,409,-79,664,334,-58,445,421,-313,666,272,-162,471,420,-567,674,249,-187,478,417,-623,664,250,-209,487,420,-614,658,257,-173,489,418,-572,606,247,5,543,247,-5,652,150,-140,490,158,-224,675,47,7,464,55,-55,672,30,14,467,38,-46,700,24,-119,430,33,-181,
613,464,-216,619,471,-186,623,470,-186,627,470,-186,608,473,-193,604,474,-193,600,474,-193,630,461,-32,592,467,-71,618,450,-161,604,453,-172,649,395,-7,542,413,-56,668,332,-175,493,428,-354,667,277,-406,465,435,-694,672,253,-458,444,437,-764,663,256,-469,453,434,-765,658,263,-418,463,431,-707,608,246,9,542,248,-9,671,160,-237,474,162,-275,677,48,-86,455,54,-98,672,29,-78,462,36,-88,730,32,-211,406,42,-228,
632,460,-252,638,468,-224,642,467,-224,645,466,-224,628,470,-230,624,470,-230,620,470,-230,647,458,-77,612,464,-105,636,447,-199,623,449,-208,663,385,-41,559,413,-46,676,326,-271,495,430,-201,668,281,-557,426,438,-419,669,261,-618,405,444,-468,662,262,-628,406,442,-497,659,267,-569,413,439,-441,610,245,7,542,247,-7,686,167,-280,466,172,-321,681,48,-128,448,54,-156,674,28,-120,457,33,-147,737,31,-250,397,44,-289,
649,460,-257,656,467,-230,659,465,-230,662,463,-230,646,468,-234,642,469,-234,638,469,-234,664,455,-89,631,462,-106,652,444,-206,639,449,-211,673,373,-64,574,413,-29,677,295,-250,503,429,-68,659,279,-505,427,444,-176,652,261,-564,402,451,-211,651,278,-571,401,451,-244,651,281,-515,407,447,-197,613,240,3,544,247,-3,692,171,-310,467,173,-321,686,48,-134,446,52,-129,675,28,-122,456,29,-117,742,30,-249,396,43,-260,
660,453,-208,668,459,-181,671,457,-181,674,456,-181,657,463,-183,653,463,-183,649,464,-183,675,448,-42,643,458,-55,662,438,-159,649,442,-162,677,361,-19,584,410,28,678,278,-209,510,420,40,651,286,-414,437,443,-36,639,295,-467,413,449,-61,640,310,-470,411,451,-97,643,309,-421,417,447,-56,615,238,2,545,246,-2,694,171,-290,471,171,-287,691,48,-128,445,52,-105,675,28,-117,454,28,-95,743,30,-240,403,41,-237,
664,448,-218,672,456,-194,676,454,-194,680,453,-194,662,460,-197,658,461,-197,654,461,-197,682,446,-60,648,457,-77,667,433,-169,654,438,-174,680,365,-1,594,411,-10,673,288,-155,519,417,0,676,332,-392,444,439,-49,679,350,-439,421,444,-62,711,340,-442,420,445,-92,684,345,-399,426,442,-65,618,238,18,553,247,-18,693,170,-256,485,169,-199,693,48,-122,448,52,-68,676,27,-114,454,31,-65,741,30,-231,424,30,-226,
669,448,-296,676,456,-275,680,454,-275,683,453,-275,666,460,-281,662,460,-281,658,461,-281,684,446,-139,649,458,-171,671,433,-245,660,438,-255,684,368,-46,592,416,-99,660,299,-177,520,416,-66,636,377,-407,449,429,-79,633,398,-451,423,435,-85,640,402,-446,423,435,-114,639,396,-412,429,431,-92,620,240,42,557,250,-42,689,168,-106,502,162,-84,693,48,26,453,52,40,677,27,36,455,33,44,737,28,-59,452,25,-102,
667,452,-285,674,460,-263,677,459,-263,680,457,-263,664,464,-268,660,465,-268,655,467,-268,681,450,-132,645,463,-154,669,437,-235,658,442,-243,686,382,-63,590,419,-86,655,316,-188,521,411,-33,633,397,-406,473,418,-75,629,417,-454,448,421,-91,633,421,-449,452,416,-121,633,414,-410,459,412,-89,622,244,35,561,253,-35,687,159,-53,515,156,-52,693,45,69,471,48,83,677,25,77,470,33,89,733,21,-33,471,19,-54,
657,460,-269,665,469,-256,668,467,-256,671,466,-256,654,473,-250,650,474,-250,646,475,-250,673,459,-126,638,471,-125,659,446,-227,647,451,-222,683,393,-81,585,421,-36,658,331,-243,521,396,-81,637,398,-475,506,388,-261,631,418,-526,499,384,-302,634,423,-517,508,384,-309,635,416,-476,511,384,-271,626,248,11,563,258,-11,675,153,-19,527,156,-75,692,43,152,494,50,85,678,25,162,494,37,92,707,17,26,479,20,-54,
650,469,-259,661,478,-245,666,477,-245,671,476,-245,649,480,-238,646,481,-238,643,482,-238,667,469,-121,633,476,-109,656,456,-218,642,460,-210,681,400,-73,580,421,-35,669,336,-224,520,376,-135,640,400,-446,527,373,-374,633,420,-496,527,366,-425,635,426,-483,536,372,-424,636,420,-446,538,374,-380,628,251,3,564,260,-3,664,151,-35,531,159,-81,690,42,113,505,58,90,679,25,120,505,49,99,697,16,-27,491,21,-45,
629,477,-250,639,487,-233,643,486,-233,647,486,-233,628,488,-227,625,488,-227,621,488,-227,651,479,-120,618,481,-96,635,466,-211,623,467,-202,677,409,-73,579,420,-31,695,347,-234,517,365,-138,643,407,-442,531,368,-367,633,426,-491,538,360,-421,634,432,-472,545,368,-419,636,426,-438,545,370,-373,629,257,-6,565,264,6,663,151,-86,529,164,-98,689,43,73,514,62,77,680,26,81,521,52,87,693,17,-67,494,21,-48,
